15 25
13 14
8 14
14 26
9 15
15 16
8 22
5 10
15 24
1 6
8 15
15 22
9 20
8 13
9 23
1 9
15 20
15 22
11 16
11 22
10 20
3 12
15 22
6 21
15 28
4 11
4 7
6 10
5 10
8 21
3 12
6 15
5 17
15 30
2 12
11 14
12 17
4 15
12 13
2 13
13 18
10 18
14 21
11 15
11 14
1 6
3 16
13 21
2 6
14 17
14 15
12 14
6 13
4 6
7 20
4 8
2 7
11 19
3 9
11 24
1 12
9 12
1 7
2 4
10 11
11 26
1 8
8 14
6 9
14 26
15 25
1 10
14 17
1 10
1 12
6 7
13 28
10 15
12 16
6 19
4 5
12 23
15 26
9 21
14 28
8 21
8 23
13 27
3 16
7 17
15 19
2 15
3 14
2 9
14 29
4 13
7 8
12 18
3 8
2 3
10 12
6 9
1 4
8 18
8 22
11 18
2 14
4 16
8 21
10 23
4 17
14 24
5 7
8 16
13 14
15 22
2 14
9 19
7 15
11 25
6 13
5 20
3 4
3 5
5 17
7 15
1 13
2 8
13 22
5 15
10 14
1 4
8 10
4 18
9 24
12 19
13 14
13 20
8 23
1 13
3 10
4 14
10 16
15 22
6 17
8 15
15 23
2 16
1 6
12 22
11 26
8 23
7 12
7 22
11 25
11 16
12 27
14 20
12 18
12 14
1 12
1 8
3 5
5 9
6 7
5 14
15 27
8 15
1 7
13 16
4 12
7 22
7 12
12 22
10 25
12 15
10 22
9 22
5 19
8 10
6 10
10 23
15 25
11 18
15 23
9 20
15 22
2 16
3 17
15 28
13 24
15 30
14 29
4 14
13 24
12 23
14 27
8 13
7 17
3 17
2 5
1 9
9 11
13 24
7 20
15 27
15 21
11 17
6 20
15 25
1 4
5 19
1 5
10 17
13 25
5 11
6 18
14 28
14 17
1 13
7 8
8 15
13 16
4 7
8 11
5 13
6 7
13 26
5 12
4 13
10 11
15 30
12 17
5 7
7 13
14 28
6 12
12 22
1 16
13 21
2 11
1 15
9 22
11 16
12 19
14 20
14 27
13 23
2 4
12 27
7 9
13 17
7 16
6 13
15 25
7 16
3 10
14 25
4 14
1 8
8 14
13 19
3 5
7 18
3 6
10 12
11 26
12 15
15 17
1 16
11 18
8 13
5 11
8 9
7 22
7 21
5 16
11 18
12 15
9 16
12 15
15 23
2 5
2 11
5 14
8 15
1 16
4 16
12 23
12 16
10 14
9 23
14 19
12 15
14 19
9 11
14 22
9 17
10 12
1 7
11 19
5 8
14 22
14 16
3 14
5 9
6 12
2 6
2 7
13 28
1 7
1 15
5 7
13 20
3 16
4 17
12 27
7 9
7 13
4 5
1 16
4 17
5 17
8 21
8 14
4 12
3 15
14 22
13 24
6 13
1 2
12 16
1 4
13 20
8 9
15 30
7 17
12 16
7 12
1 15
2 7
14 18
8 12
3 8
6 14
3 16
1 15
2 3
9 23
14 15
6 19
8 20
8 19
15 21
7 15
11 19
4 13
12 23
4 10
7 17
6 15
7 13
15 30
6 14
13 17
15 25
9 23
14 22
10 15
13 14
12 20
1 8
9 13
2 14
9 17
13 27
9 14
4 19
4 5
7 16
12 25
10 15
12 20
12 25
13 14
5 6
15 20
8 16
8 17
12 21
9 18
7 16
5 8
8 9
3 9
9 23
3 13
10 16
3 9
3 18
13 21
7 20
4 18
5 17
15 23
5 20
9 12
8 21
5 12
5 20
12 17
5 11
15 30
4 6
12 25
8 18
5 19
7 8
5 8
12 16
3 11
10 21
2 4
15 29
15 20
13 16
9 11
8 16
8 11
1 6
1 9
14 26
14 26
12 22
14 29
5 13
14 28
3 4
7 10
14 20
14 17
8 15
4 11
7 19
10 17
8 10
7 20
13 25
9 19
6 20
9 19
7 15
15 16
15 21
10 23
11 19
15 25
7 17
8 21
13 22
11 23
10 19
9 17
5 14
9 11
8 10
3 9
1 3
6 13
7 15
4 13
15 25
3 9
12 15
10 19
11 17
13 19
6 12
5 8
15 28
4 18
6 13
4 18
8 9
5 20
8 9
8 23
10 13
12 25
12 19
14 21
4 15
4 13
1 16
11 18
12 27
5 15
13 28
15 20
8 12
11 18
4 15
6 12
5 8
3 4
1 2
14 18
3 13
4 8
9 24
10 23
6 13
7 10
6 12
14 19
1 11
12 24
5 14
9 10
3 14
1 4
4 18
6 12
15 25
1 10
1 4
6 12
9 13
15 21
1 14
11 12
14 21
4 14
7 19
10 20
15 25
12 22
1 4
15 30
4 12
15 19
10 15
1 4
15 30
15 30
4 14
8 11
8 19
12 27
8 15
9 23
8 13
8 23
14 28
15 17
6 20
12 27
11 23
9 19
3 4
10 17
10 19
1 4
4 8
9 12
2 4
1 11
13 21
9 21
7 22
5 17
6 15
4 12
12 16
9 24
4 7
13 19
3 8
15 22
8 16
9 19
9 11
11 24
9 20
1 8
3 16
11 19
6 20
7 16
9 24
15 20
10 22
10 22
1 10
10 11
1 12
10 11
12 17
13 25
15 21
4 6
3 17
1 16
4 18
8 20
14 22
1 9
11 13
11 15
10 16
4 14
1 14
2 14
9 16
15 30
12 15
2 8
8 17
5 16
8 12
15 28
11 26
5 19
2 9
2 5
12 17
5 17
9 15
15 17
12 27
1 16
9 18
5 7
10 19
12 14
13 24
14 29
3 13
13 24
1 7
13 26
10 19
1 4
15 23
4 7
14 26
3 10
5 12
8 22
8 20
7 19
7 19
11 12
6 7
11 25
6 7
3 11
9 19
10 25
2 8
3 18
9 21
14 27
3 9
4 14
2 4
13 14
14 23
8 19
1 12
1 14
11 14
5 16
13 20
3 9
4 9
6 18
1 12
1 11
1 12
12 22
13 22
2 5
9 18
5 6
4 10
14 20
8 18
9 21
1 12
3 14
7 22
7 21
10 18
8 10
3 14
3 10
5 9
1 6
5 11
6 14
3 14
6 16
12 26
14 19
1 9
15 22
7 14
5 13
6 10
9 24
15 27
7 18
7 21
15 26
4 16
11 17
14 22
8 19
13 26
15 28
5 19
11 22
12 19
10 12
10 13
2 3
6 21
11 16
13 16
7 16
6 15
6 11
1 6
15 28
2 8
2 15
4 16
15 16
3 12
9 22
12 22
5 14
1 2
13 19
10 22
14 29
5 16
11 17
8 18
10 11
15 27
14 25
15 28
3 6
7 18
7 17
6 17
3 16
3 11
3 15
4 12
4 19
4 18
12 15
1 8
3 18
10 11
2 11
14 18
11 16
15 24
14 26
5 13
9 16
15 19
11 21
11 25
2 8
4 17
8 12
4 15
11 16
11 23
14 15
1 2
12 19
10 20
3 17
10 13
12 13
6 20
3 5
4 8
14 22
1 8
11 16
9 15
1 12
10 24
12 14
15 30
8 17
2 4
14 25
11 13
11 13
1 14
10 14
1 9
3 12
6 20
5 19
11 16
2 7
4 9
6 9
4 9
3 8
13 14
15 24
2 5
10 19
7 18
13 28
3 10
8 9
12 24
6 14
1 8
4 8
11 13
13 20
13 28
11 22
7 10
4 13
5 10
2 5
15 21
2 11
5 14
9 10
5 12
15 21
13 17
1 2
5 19
7 9
5 14
4 16
11 18
12 19
3 8
10 12
3 14
3 10
5 8
14 15
9 23
13 20
2 16
14 27
4 16
6 21
5 15
3 4
8 14
7 18
11 19
4 9
4 10
3 18
9 10
7 9
6 11
15 29
10 15
11 24
1 10
4 10
10 17
13 22
12 16
4 18
4 12
10 24
5 17
13 26
5 9
7 17
15 28
9 18
3 14
13 16
11 13
8 13
15 20
14 17
1 10
2 13
8 19
9 22
15 21
2 6
1 16
5 13
13 26
1 16
1 7
2 13
14 16
1 14
13 19
15 20
6 14
15 21
11 19
10 20
5 16
5 18
3 12
12 27
7 19
14 28
9 16
9 16
15 16
11 24
13 16
9 13
10 11
9 21
8 11
6 11
5 7
9 16
11 16
6 15
8 19
7 16
10 25
15 24
1 12
13 26
5 12
8 14
7 15
3 9
2 17
2 9
2 12
5 17
6 9
5 11
13 24
14 21
2 7
8 17
7 12
14 25
11 17
2 11
14 25
15 30
10 11
13 24
3 13
14 29
12 22
5 6
12 22
8 22
15 22
7 13
11 16
2 16
3 13
7 15
5 11
14 28
14 26
2 10
6 13
14 16
2 6
9 22
5 6
3 7
7 9
2 12
6 9
8 23
4 18
7 15
12 18
13 15
2 16
1 15
6 20
7 21
9 24
3 17
8 14
9 15
7 17
15 19
12 26
4 11
13 23
14 15
15 27
2 10
2 11
13 27
7 11
4 5
11 18
6 9
12 26
15 25
9 24
13 25
5 6
