16 26
19 20
10 24
11 17
2 16
2 8
15 28
18 31
16 25
3 6
18 32
12 31
20 37
18 20
9 10
4 21
2 16
17 28
8 28
8 17
13 23
6 13
14 17
19 20
12 26
3 12
7 13
19 25
2 10
7 9
9 11
18 20
15 22
5 7
6 18
2 20
13 20
4 22
10 24
18 19
7 19
1 6
17 29
10 20
19 27
4 23
9 22
1 5
19 24
17 21
8 27
13 14
5 13
10 16
14 22
6 18
11 18
17 25
18 36
9 17
6 18
7 13
5 12
1 16
11 21
19 37
8 11
10 14
11 31
10 14
19 26
15 24
5 8
8 22
1 18
2 20
20 28
3 19
14 18
11 27
13 14
5 17
3 18
7 20
6 14
8 12
15 18
4 15
5 17
5 22
20 26
14 25
13 30
7 25
12 29
5 21
17 26
19 30
15 20
4 24
5 16
15 26
5 24
1 3
2 7
18 31
2 6
3 17
20 21
3 6
9 16
10 27
16 24
8 18
4 15
2 10
13 29
10 28
6 17
11 30
7 15
11 20
11 17
14 16
6 23
16 31
15 20
3 13
12 22
12 28
12 17
15 20
20 25
14 32
7 11
16 29
3 22
13 19
4 11
19 20
15 30
7 16
11 21
11 14
19 33
10 13
18 34
7 16
12 24
6 24
7 21
3 4
12 27
18 33
13 30
15 22
3 5
8 21
3 21
7 8
11 19
15 35
16 17
8 15
4 10
17 27
19 38
3 13
5 25
16 26
8 10
8 10
15 30
15 32
4 17
10 24
13 17
13 21
17 30
14 34
18 28
2 10
20 24
17 34
15 19
6 9
5 18
4 24
8 18
16 27
15 20
17 24
9 10
14 31
13 32
16 18
1 10
9 29
4 21
8 27
20 33
1 18
6 22
16 21
6 9
7 27
20 35
18 38
16 19
16 36
1 12
14 27
12 14
5 20
19 31
13 23
5 10
6 8
1 2
18 36
16 20
9 24
11 17
14 20
20 29
17 29
11 21
5 7
4 13
17 31
20 21
3 19
6 15
17 35
1 15
15 31
10 13
2 22
20 35
17 36
15 20
10 28
15 29
19 29
14 21
3 9
20 25
1 6
5 15
2 8
15 23
13 29
10 25
15 16
1 4
19 27
8 28
5 19
14 17
3 22
2 7
4 5
9 14
17 23
6 16
11 31
17 32
16 34
1 3
18 32
5 13
1 13
7 12
17 29
19 38
11 23
3 9
12 15
10 30
8 15
9 19
7 24
17 31
14 31
15 18
10 21
10 20
2 11
6 16
20 25
8 10
16 18
8 28
17 26
11 27
16 28
6 20
8 10
7 21
10 11
8 28
12 22
1 6
18 25
15 24
3 17
11 21
8 18
1 5
18 30
19 24
3 19
18 20
9 13
7 26
17 32
10 18
4 6
4 17
20 30
1 3
4 7
12 23
12 16
6 8
15 19
6 15
12 16
11 31
19 28
10 25
3 14
14 20
13 31
10 22
19 30
14 16
5 22
4 13
12 21
2 9
5 12
7 15
2 11
7 20
18 27
7 27
19 20
18 21
10 17
15 23
9 29
2 8
8 25
14 33
6 21
17 19
13 17
9 16
12 19
19 28
7 12
1 19
17 27
20 38
16 30
6 23
5 24
2 6
15 22
3 15
1 12
13 26
14 27
11 29
20 29
18 36
14 32
15 17
19 34
20 35
20 37
3 20
15 19
20 21
10 24
13 15
5 22
6 16
10 27
7 8
5 22
18 28
6 19
12 17
19 22
19 37
11 24
14 19
16 22
17 34
19 28
10 13
18 33
13 20
11 22
19 27
7 15
17 30
12 32
17 27
2 9
20 24
19 24
20 26
10 27
14 23
17 20
3 17
17 32
20 40
18 28
7 11
18 21
8 17
15 19
19 27
10 20
12 32
14 25
5 9
7 25
4 8
20 26
17 26
13 22
8 18
10 24
5 12
8 21
8 10
8 26
10 20
7 20
9 29
3 9
15 17
15 33
17 24
16 21
15 23
5 7
9 24
7 12
13 27
9 29
8 25
17 26
6 9
1 15
3 18
11 28
16 22
7 11
12 14
9 15
1 14
19 20
7 24
5 25
10 16
19 28
2 10
17 24
10 19
12 16
16 19
13 16
20 39
7 10
12 27
20 32
7 25
4 10
14 34
5 20
5 20
16 22
2 6
4 16
13 29
7 15
10 29
2 3
17 25
3 11
2 4
11 12
11 25
6 22
14 24
2 20
16 33
4 22
1 20
1 14
14 21
12 27
6 19
15 29
13 22
14 28
10 14
14 26
10 21
7 10
12 21
12 20
5 12
17 22
6 23
9 20
15 27
18 30
17 21
6 15
13 24
14 28
14 34
6 21
10 14
17 31
12 13
1 10
7 24
5 9
5 11
15 34
17 29
11 16
15 23
5 12
18 37
13 16
10 28
10 21
13 19
4 9
18 22
5 10
12 21
8 24
6 20
7 10
5 14
19 31
8 12
18 35
14 16
19 22
19 27
5 9
6 15
20 35
4 8
19 27
4 23
3 13
12 13
4 13
9 11
20 36
17 26
12 22
11 14
4 5
2 3
4 23
9 12
14 18
18 22
11 13
14 20
3 21
6 24
6 13
11 28
14 22
17 35
9 16
20 33
20 33
13 28
4 17
10 27
8 15
12 31
20 26
4 18
15 16
11 31
7 9
8 9
9 13
18 27
3 12
13 27
13 30
8 24
9 18
4 21
8 24
7 14
13 15
13 20
2 5
18 19
16 21
13 29
20 22
5 19
2 19
7 21
14 21
10 24
15 28
2 16
20 28
1 13
1 6
10 13
7 14
15 18
3 22
10 13
20 34
8 9
11 26
6 22
13 28
9 28
20 31
13 24
10 15
3 14
9 21
5 12
11 30
1 14
17 28
7 15
4 19
20 26
1 6
1 14
12 14
11 22
4 19
1 14
11 26
3 22
19 26
18 19
17 35
13 18
20 40
4 20
6 9
1 7
8 22
18 37
7 27
1 11
7 20
2 19
8 25
16 34
15 28
18 30
2 4
8 10
1 13
17 35
6 15
3 16
14 34
3 23
12 15
9 27
16 19
14 29
19 20
4 17
5 18
4 23
14 18
20 27
7 15
4 16
16 23
5 15
18 37
1 2
14 24
18 19
12 16
15 17
16 26
14 15
2 12
11 26
13 23
1 20
9 26
10 26
3 9
17 29
5 23
13 31
19 21
10 12
5 9
3 16
5 21
13 19
5 20
12 21
4 17
19 23
1 2
19 22
6 22
14 16
5 23
11 14
20 40
4 20
15 33
8 27
13 25
16 26
6 14
10 11
12 21
4 16
1 16
6 12
2 13
20 26
9 11
20 40
14 29
15 35
12 15
11 27
14 20
17 29
5 12
12 20
7 15
19 26
2 18
4 7
7 22
20 27
9 28
6 8
13 33
1 17
14 17
11 31
1 9
11 16
6 8
13 17
1 4
10 12
11 16
16 33
12 27
15 35
13 33
1 18
19 32
12 25
8 11
12 20
2 16
12 31
15 31
2 18
11 14
9 10
7 12
9 27
19 22
9 13
14 23
20 32
14 26
16 17
6 25
20 27
12 15
17 36
19 37
6 7
20 26
13 31
10 23
8 17
15 31
12 20
17 20
11 13
14 33
14 33
9 22
17 18
15 28
11 16
2 10
5 18
13 22
11 14
1 19
3 10
5 11
14 15
8 25
14 28
7 14
4 19
19 20
7 13
5 22
10 17
4 11
19 36
15 16
11 27
10 15
2 17
2 10
7 16
16 17
14 16
19 37
16 26
10 13
15 29
11 15
12 19
2 5
15 32
3 8
4 9
1 18
19 21
16 33
2 13
9 25
4 12
13 25
9 11
14 17
7 23
18 37
2 22
13 29
8 23
12 23
19 31
19 28
13 28
18 33
17 35
10 11
17 31
12 17
7 24
7 20
12 17
3 9
16 31
1 16
10 15
5 25
16 31
1 2
9 27
15 21
15 31
18 30
1 10
16 23
17 32
19 27
11 13
5 23
16 34
12 29
2 10
9 26
2 11
9 12
18 21
8 20
10 27
15 25
5 8
16 17
9 16
20 39
8 13
16 31
2 9
12 27
14 26
11 18
20 40
9 26
14 22
20 36
4 19
5 13
9 22
20 37
19 31
7 25
16 18
12 21
20 35
3 8
6 11
11 16
16 28
13 15
19 32
17 20
19 32
2 9
5 19
15 18
5 6
20 32
14 18
20 33
18 32
9 25
18 29
12 18
2 7
7 8
17 32
15 22
7 15
5 17
1 20
6 11
11 29
16 20
1 8
8 18
20 36
5 15
6 23
15 23
13 26
20 21
7 13
7 20
13 24
16 30
1 3
10 21
19 25
6 17
12 25
12 16
8 25
13 18
5 24
12 29
11 14
17 34
8 23
1 14
17 34
6 15
18 33
19 27
12 28
10 26
8 9
19 26
17 20
11 24
1 16
9 20
17 34
19 36
11 30
9 28
15 21
7 11
20 37
3 7
12 24
19 30
13 22
17 18
11 19
14 25
2 16
13 23
3 14
6 11
1 7
4 12
11 21
3 6
7 13
18 28
17 33
1 2
16 33
2 8
16 23
8 25
20 40
19 33
2 18
19 21
2 4
1 5
3 7
6 7
9 12
11 28
10 21
18 23
7 26
2 17
5 14
11 27
20 21
10 11
17 37
15 25
13 20
5 20
10 13
16 26
17 35
7 14
8 12
3 9
14 31
20 30
17 20
17 34
3 21
9 20
17 32
12 21
2 19
16 19
11 22
13 20
8 19
5 12
6 14
12 31
16 20
20 32
6 22
20 40
14 23
3 13
15 21
11 27
14 20
11 15
8 11
11 18
13 28
5 15
14 30
20 21
11 30
13 29
6 18
8 27
12 22
1 8
7 10
14 15
8 12
4 11
18 24
5 7
13 22
11 17
16 26
7 14
20 31
14 20
14 15
16 22
2 10
4 13
10 19
1 10
5 9
7 21
2 13
16 30
19 37
19 34
20 37
1 12
7 13
16 17
7 11
18 38
11 24
20 21
1 21
1 18
16 24
11 28
18 36
10 19
15 23
3 9
17 32
17 32
20 24
7 25
19 23
18 28
16 33
2 11
9 23
5 9
1 8
20 31
4 13
19 30
8 21
16 20
7 11
11 29
20 37
16 34
1 14
19 27
1 13
8 17
6 11
12 18
11 14
8 23
11 17
5 16
18 30
14 30
8 12
14 21
13 22
16 21
13 28
4 17
6 18
14 25
8 25
9 27
20 36
4 6
14 34
12 23
12 30
7 26
13 25
17 22
20 32
9 21
6 19
16 20
16 25
6 9
18 24
12 29
2 10
10 17
7 9
9 27
19 26
8 19
18 22
16 33
8 24
20 25
8 24
8 23
16 22
9 22
11 24
1 5
20 31
10 16
4 15
16 18
17 32
12 27
19 38
11 29
15 18
2 16
18 20
1 14
7 16
18 27
1 11
13 33
12 26
18 33
4 17
8 21
7 19
7 24
10 19
14 30
11 19
2 22
9 11
5 12
2 4
15 30
3 22
14 29
5 8
1 21
15 24
12 26
20 38
10 11
19 35
9 18
3 13
9 12
3 16
9 13
6 21
10 18
14 18
14 32
18 25
9 22
15 16
18 24
10 17
18 26
14 32
17 25
19 36
10 11
1 19
17 23
5 11
5 23
1 12
7 26
17 32
3 6
7 27
20 37
18 27
4 16
7 19
11 16
8 9
18 38
10 24
5 19
11 13
3 15
4 13
2 22
16 20
14 16
15 20
18 30
13 15
15 34
5 23
16 29
18 31
4 11
6 15
13 21
2 17
11 16
16 28
16 27
7 16
4 17
13 15
17 34
15 18
16 35
20 23
3 20
15 22
16 28
7 27
19 39
14 16
4 13
13 24
11 23
11 26
16 31
8 20
11 13
15 33
12 26
20 27
3 9
5 15
17 28
9 17
10 24
9 14
15 28
7 12
16 33
11 23
3 21
3 16
11 20
3 18
15 29
1 18
20 25
18 34
7 13
3 11
11 14
4 9
16 26
10 21
18 38
2 22
10 27
4 24
5 11
14 33
12 18
7 18
2 6
18 26
1 14
15 27
15 25
16 26
19 36
13 21
9 23
7 25
2 5
9 16
20 23
17 28
20 36
1 3
11 22
9 13
3 19
15 32
5 7
19 35
11 22
15 34
16 18
8 26
16 32
16 31
10 22
6 16
19 37
3 13
8 11
13 15
18 37
11 26
12 13
2 4
11 27
12 30
9 28
15 19
7 17
11 27
14 30
17 29
5 24
13 18
2 19
6 17
7 15
17 36
8 18
12 22
6 22
8 14
6 8
2 14
4 16
20 37
19 27
20 23
19 24
19 31
13 18
14 34
4 15
10 22
20 33
1 18
8 16
15 21
2 10
9 14
19 27
13 22
8 12
11 17
8 18
17 18
6 16
12 21
12 13
12 16
13 26
12 25
12 18
18 31
13 19
17 20
6 7
11 24
5 19
10 14
15 33
4 24
7 14
20 31
7 19
14 26
16 21
16 23
3 8
20 27
2 10
2 9
9 21
11 24
5 25
16 35
17 29
10 26
18 20
18 35
5 16
20 40
7 22
6 7
19 36
20 40
5 6
19 24
12 21
9 18
1 17
19 28
19 28
16 33
2 15
5 11
15 19
5 19
18 20
14 22
11 16
7 14
5 22
11 20
6 25
17 35
14 29
18 31
15 29
1 17
18 23
13 26
20 37
18 27
11 14
16 29
8 22
19 31
11 20
20 28
19 27
5 17
3 17
16 25
19 27
5 22
12 29
1 4
6 24
11 19
20 26
20 27
12 30
11 13
18 20
9 25
10 15
19 23
10 25
12 21
2 18
5 11
5 22
8 10
14 25
9 14
8 28
4 23
9 23
12 18
15 27
1 17
16 35
19 37
5 16
6 13
18 20
4 6
18 21
3 6
13 16
19 32
14 16
11 13
15 30
7 9
6 25
17 31
10 26
11 17
18 34
4 19
9 16
17 35
10 21
20 34
6 24
6 25
12 21
1 7
3 22
19 27
10 18
1 20
15 18
4 16
18 26
6 24
6 20
15 22
17 23
1 3
4 22
12 27
6 18
12 32
3 6
8 20
10 30
10 14
3 8
7 19
4 16
10 20
18 34
16 30
2 10
7 24
6 24
11 14
2 16
3 7
16 18
15 32
1 17
20 35
12 30
19 35
10 30
17 36
15 19
12 28
12 22
12 29
7 21
19 27
20 33
3 18
14 23
4 11
4 19
13 21
13 24
15 17
10 21
12 17
14 17
12 29
12 28
5 15
9 25
10 30
8 20
15 17
1 11
20 36
4 16
15 31
3 12
9 13
19 39
20 25
14 26
1 18
19 37
7 14
13 21
7 27
19 32
13 24
14 26
19 36
16 29
5 15
14 19
13 25
5 18
8 18
16 17
7 13
18 23
12 22
12 22
1 3
14 28
5 24
17 32
16 28
19 31
1 13
16 22
16 28
10 13
2 19
15 35
2 14
4 9
13 20
7 21
8 28
7 11
11 26
18 24
7 24
9 28
8 12
4 19
16 29
18 27
1 13
8 10
16 19
7 15
9 22
13 21
4 15
12 26
6 15
11 23
17 36
10 27
3 9
11 21
10 30
18 29
4 9
12 31
19 37
18 25
2 5
14 20
13 30
11 29
6 8
1 15
20 23
2 16
8 21
3 12
4 24
19 26
16 19
17 31
12 19
12 26
9 27
11 12
14 15
11 22
2 13
5 19
13 19
7 19
10 20
1 15
1 12
12 21
13 22
14 19
15 21
10 25
15 35
7 15
12 29
19 25
20 23
19 23
20 37
16 18
18 26
15 34
18 24
19 30
6 18
7 19
9 25
18 21
7 12
11 29
13 14
3 15
3 4
8 22
10 13
15 22
10 11
5 12
19 34
9 13
19 34
8 15
10 15
2 18
1 5
6 20
4 12
17 35
1 5
11 21
18 36
16 35
10 23
6 14
7 13
4 21
1 4
4 6
7 24
10 30
20 35
13 28
14 15
12 26
17 31
15 21
3 14
5 18
15 17
20 33
7 22
10 29
17 22
13 29
1 3
15 27
8 27
6 19
19 28
7 14
2 15
13 30
15 32
9 18
18 38
14 30
15 30
15 18
19 26
18 29
20 32
14 33
10 29
11 12
19 28
19 39
2 13
16 24
19 35
17 25
16 18
4 6
16 26
4 10
16 30
8 15
5 6
17 24
11 18
19 28
8 25
20 21
8 16
8 26
3 19
6 16
17 26
11 15
18 25
9 14
20 28
3 19
8 27
14 24
5 17
18 22
9 27
4 12
5 17
5 24
7 17
9 25
18 29
19 26
17 37
11 19
7 20
16 23
3 12
16 24
1 15
3 4
3 10
8 15
10 22
17 33
14 19
11 14
16 18
10 14
1 13
4 11
17 36
5 24
7 8
18 37
6 7
19 27
19 25
6 14
10 12
3 6
19 25
5 19
7 13
9 16
18 22
5 19
2 12
4 5
2 4
19 26
2 12
6 26
15 26
19 35
4 5
18 20
6 21
7 11
12 28
10 19
11 18
14 27
8 26
5 6
11 26
19 23
4 8
15 26
6 19
6 15
5 21
3 14
2 11
6 19
16 24
14 21
14 21
11 24
16 31
13 31
1 12
1 6
14 21
7 18
19 31
11 15
19 32
6 18
2 13
5 14
18 36
15 18
16 33
15 19
3 10
13 17
17 31
20 22
12 18
4 15
17 32
6 14
19 30
19 39
13 28
1 12
4 11
13 25
4 12
7 13
6 25
1 16
4 24
8 24
5 17
18 32
18 21
1 17
13 24
8 13
6 14
7 16
14 34
12 29
19 37
15 31
17 32
10 22
15 33
7 18
1 5
4 22
6 10
13 23
7 27
15 27
19 20
12 25
12 16
1 3
13 28
18 19
2 21
13 21
8 19
18 26
15 17
17 29
17 19
2 5
13 21
6 18
20 30
4 8
5 9
5 22
11 25
18 22
5 7
11 23
12 32
12 18
1 21
10 20
1 12
12 26
10 20
5 14
19 39
12 15
15 24
19 24
2 10
20 38
9 11
2 3
2 15
6 20
12 19
15 20
17 24
18 24
8 22
7 13
13 31
8 15
18 36
4 16
6 9
9 23
17 27
14 32
