2 10
14 39
23 32
21 36
24 32
2 21
15 31
3 13
10 29
14 28
1 5
16 30
2 27
10 21
13 23
21 37
17 28
15 31
20 31
5 23
20 29
11 20
1 16
21 33
8 17
25 36
13 28
1 17
17 27
1 7
19 42
24 34
9 22
3 6
25 34
22 44
17 27
7 27
1 3
6 15
13 19
21 23
22 43
17 30
7 24
21 46
15 34
11 34
8 23
2 12
24 47
6 21
9 21
11 21
16 33
20 23
22 37
6 24
12 34
8 28
13 16
19 23
21 27
3 8
21 25
14 33
4 23
10 22
8 29
21 44
14 31
2 12
6 13
4 23
5 18
13 30
15 23
23 35
14 39
17 26
6 11
4 15
1 16
24 32
12 34
7 32
13 23
9 30
18 33
14 36
2 6
15 34
11 23
5 29
14 37
9 30
5 19
8 13
6 12
14 31
4 26
17 34
8 10
14 39
18 20
23 43
5 17
13 31
1 20
18 34
19 23
13 36
17 37
4 26
2 21
16 22
15 22
24 48
10 22
23 26
15 35
22 44
8 19
14 24
6 12
25 26
9 23
25 28
8 13
1 11
23 41
17 31
24 39
12 23
3 14
13 30
7 18
13 28
23 24
1 6
9 12
6 25
16 21
23 47
10 11
10 19
18 21
25 42
19 30
2 23
24 40
12 17
1 26
21 46
2 24
4 16
24 33
6 20
16 19
14 16
3 28
10 31
2 13
14 36
24 41
17 39
9 15
1 10
7 29
10 18
18 31
20 38
24 26
6 22
4 24
17 26
21 24
6 31
14 33
21 33
12 25
8 28
20 30
5 6
6 20
10 35
3 9
17 18
7 32
16 29
21 30
21 37
12 15
15 40
21 32
13 22
25 47
3 22
6 13
19 33
22 27
15 39
11 18
25 42
8 25
4 7
1 2
18 32
3 13
15 40
20 22
8 29
23 35
14 19
18 27
18 32
15 23
13 38
16 30
17 42
5 27
2 9
25 46
20 24
5 14
4 5
12 25
21 32
25 36
16 35
21 31
8 19
19 41
10 21
10 13
10 26
2 15
25 26
9 30
4 17
7 16
14 34
24 35
6 29
22 45
16 35
7 32
4 7
21 37
13 20
18 43
25 44
12 13
21 41
21 23
10 14
12 37
24 34
10 14
9 17
1 26
2 11
1 6
11 35
22 23
7 22
2 10
10 23
8 16
10 16
11 30
9 31
18 25
7 11
12 27
12 26
16 29
23 40
19 29
17 33
12 35
7 20
6 24
1 14
2 14
20 32
7 11
9 33
12 27
4 28
6 21
12 34
4 15
15 38
21 27
15 24
3 26
22 32
15 39
25 42
10 29
3 19
22 33
16 25
2 21
9 19
11 31
8 22
6 28
13 16
4 6
11 19
1 8
18 34
5 22
9 25
10 21
6 15
24 45
19 21
17 19
11 13
21 39
17 20
16 21
7 26
8 26
4 13
1 22
1 9
14 23
23 46
21 27
8 29
3 4
25 44
2 12
22 47
5 21
2 22
22 31
16 22
3 22
14 19
16 32
12 16
1 13
3 27
17 28
19 40
11 31
17 32
5 20
14 25
5 22
7 8
2 26
7 11
17 39
9 18
15 37
14 29
8 25
13 14
4 13
24 40
3 18
5 14
4 24
21 32
12 15
11 24
1 20
19 39
16 20
3 8
2 21
21 31
10 21
12 27
21 33
5 28
1 13
9 16
6 10
17 36
8 12
7 16
23 25
5 18
5 14
19 25
2 16
17 30
1 7
2 23
19 26
21 41
18 22
3 28
9 30
19 36
24 49
2 23
3 11
10 19
16 21
16 34
19 29
5 26
17 24
17 27
15 27
4 13
17 25
8 10
3 4
20 22
2 23
24 28
5 14
14 35
13 18
15 23
14 33
4 9
2 24
14 32
8 28
1 2
4 13
2 9
11 33
10 23
19 27
18 42
18 25
19 27
11 21
17 18
3 25
5 12
18 38
1 3
16 18
2 22
12 16
3 25
2 14
9 29
19 23
18 32
10 23
21 41
22 34
22 24
11 14
10 13
22 32
5 20
13 21
11 35
11 24
23 35
24 30
9 28
9 12
7 27
18 22
16 32
18 30
19 22
14 17
5 18
15 26
2 6
19 31
3 9
1 26
20 44
7 10
19 37
7 8
14 38
6 11
15 38
16 26
25 32
15 22
19 23
17 39
7 19
8 19
18 26
12 24
8 29
16 17
13 35
3 4
23 32
7 21
8 31
23 33
4 16
16 40
17 26
20 21
21 25
11 26
13 38
3 23
20 38
22 31
16 18
11 26
12 30
3 22
17 20
3 25
14 34
20 28
4 20
8 9
19 39
17 23
19 38
2 15
13 38
23 28
1 10
20 32
3 25
6 25
1 11
15 30
5 16
22 32
1 7
12 31
25 28
1 20
23 27
8 18
3 11
16 20
16 26
15 35
9 31
13 22
7 11
25 38
16 39
24 40
3 15
11 16
16 29
23 36
16 23
24 44
14 28
23 29
1 16
2 11
11 27
19 38
19 38
8 19
18 26
3 24
19 34
25 34
2 26
23 42
7 30
14 37
14 27
5 19
2 9
24 37
22 39
8 26
12 28
3 8
23 29
2 21
20 23
4 28
3 7
19 28
1 8
6 22
20 31
4 25
19 23
10 25
23 43
7 16
10 22
15 24
17 35
4 17
20 28
13 37
11 18
8 21
13 28
4 13
2 11
7 27
13 29
10 22
10 28
22 43
4 16
7 29
6 18
12 15
19 43
1 7
5 15
21 41
25 49
5 6
9 20
23 46
4 11
9 22
1 7
11 16
19 38
1 2
5 17
3 4
13 17
8 25
13 16
13 27
3 21
15 29
3 15
11 17
20 42
21 41
2 10
1 23
3 5
22 29
15 40
9 11
5 22
21 40
21 29
8 32
2 26
12 19
12 36
12 20
20 29
2 25
18 23
19 39
8 26
4 26
19 31
1 24
5 26
18 19
5 30
1 10
25 39
15 26
12 15
20 27
12 36
4 10
3 28
1 11
19 25
6 18
19 27
11 35
3 6
1 11
5 8
18 22
16 25
17 19
11 22
10 34
9 25
5 18
15 22
22 30
12 17
21 28
12 18
7 24
10 17
3 17
9 29
20 21
3 16
3 18
23 35
14 23
2 22
21 39
1 21
2 16
24 46
20 30
4 6
3 17
10 15
4 25
1 24
21 24
10 35
20 30
12 20
20 35
2 19
10 14
11 22
17 26
10 23
21 34
16 39
3 6
5 12
23 28
6 26
10 28
20 24
4 12
13 36
24 38
16 24
17 19
19 29
12 15
22 29
17 32
7 27
17 28
3 19
17 27
10 11
4 10
6 13
13 31
6 20
8 30
21 45
25 41
10 21
20 29
18 30
23 24
8 22
13 25
4 8
21 36
7 9
21 33
8 18
7 23
23 37
12 31
15 26
9 33
23 27
7 22
17 23
17 18
21 25
12 13
10 19
16 32
10 23
4 24
22 32
10 32
24 47
15 30
10 35
13 20
5 27
24 47
2 17
23 48
21 30
25 30
20 37
22 26
4 6
25 28
12 21
24 36
8 23
1 18
16 31
24 45
13 37
18 35
13 31
16 24
1 18
14 36
9 19
1 15
14 16
18 43
11 29
13 31
7 22
12 37
6 16
22 41
10 26
10 32
8 10
7 18
18 38
7 10
7 16
19 39
11 22
21 42
4 14
15 27
1 2
13 19
12 21
1 22
25 37
20 27
13 14
19 27
22 23
10 15
9 12
1 20
16 39
16 37
9 15
9 18
8 30
17 37
5 24
17 23
6 17
15 35
13 21
2 14
10 22
16 35
16 35
14 20
16 21
3 28
12 24
10 29
8 9
15 29
22 31
22 24
21 34
21 30
20 43
20 27
11 21
25 28
5 18
9 30
19 32
22 27
24 30
1 9
9 26
24 29
25 47
8 29
9 12
6 11
2 27
11 23
11 21
15 31
25 50
11 31
14 23
25 38
14 16
22 46
18 40
3 23
18 28
17 18
15 37
6 22
21 37
5 13
3 24
23 27
22 32
23 35
18 42
1 10
25 48
7 27
19 29
14 28
21 26
14 26
1 22
5 28
14 25
5 23
6 9
21 25
14 34
15 24
19 35
17 37
15 38
14 24
9 13
23 30
10 24
18 28
9 31
9 31
7 21
16 30
18 29
19 25
8 17
14 15
1 8
22 39
5 18
1 16
16 17
21 22
14 28
12 34
12 33
21 40
11 22
7 10
24 27
10 18
13 14
10 23
7 13
6 19
18 26
3 14
8 31
11 32
13 37
20 45
19 36
18 24
4 5
8 12
3 23
11 28
20 40
6 9
3 14
16 36
19 37
7 10
17 34
1 6
16 36
4 15
13 36
17 35
23 24
22 25
22 31
19 37
6 31
21 29
12 23
4 9
5 16
10 31
4 14
2 23
4 9
7 25
4 29
10 14
2 10
6 30
17 18
16 40
2 13
6 22
23 34
22 26
23 29
2 4
15 18
22 42
10 15
12 25
6 30
16 24
6 29
8 32
1 24
22 26
11 15
19 29
17 33
16 30
23 42
17 30
23 37
7 14
20 41
22 23
19 33
10 11
14 31
2 18
16 41
19 22
6 21
13 35
7 12
12 16
23 27
16 36
19 44
4 17
20 45
13 28
15 39
15 20
15 33
20 28
18 34
10 33
5 29
21 32
3 10
16 41
12 19
22 27
8 33
18 20
1 8
18 33
6 13
20 42
2 18
4 23
6 20
18 28
12 25
22 39
21 34
18 26
21 35
12 15
13 19
6 19
13 36
5 23
6 7
14 21
16 36
2 24
8 27
8 29
8 15
12 16
19 24
13 29
18 19
18 26
7 32
22 41
22 25
13 15
3 6
11 32
22 34
19 25
6 7
2 17
9 24
20 22
19 26
19 33
10 23
23 39
12 31
11 21
22 47
12 13
4 28
21 22
10 26
8 25
17 26
7 9
1 2
4 23
10 34
9 28
12 18
11 34
25 46
10 33
22 45
23 48
21 42
2 7
11 21
24 28
20 27
6 26
7 18
14 32
9 33
13 35
5 28
22 26
20 26
3 19
3 5
16 39
22 39
4 14
3 7
15 38
10 32
17 36
9 16
11 31
6 7
16 26
23 35
15 35
19 38
12 33
20 22
20 39
21 22
3 28
4 23
22 36
16 32
9 33
22 41
18 22
19 30
15 34
22 28
15 33
24 25
13 32
5 15
12 14
12 28
1 16
9 32
5 29
13 26
25 36
9 28
17 21
4 10
22 25
12 23
20 32
14 23
5 23
18 36
19 23
8 27
21 38
18 20
17 22
15 33
18 43
12 23
3 18
16 18
17 21
14 25
16 18
20 42
19 33
15 29
20 44
8 23
17 42
18 27
7 16
1 2
8 22
11 24
4 7
14 34
7 11
8 32
6 10
22 23
17 30
15 26
12 36
2 5
23 43
13 19
3 19
6 19
4 20
25 34
21 36
4 6
18 31
2 27
16 41
3 10
13 32
20 21
17 38
5 21
17 35
24 46
10 14
9 22
22 32
22 39
24 26
20 38
16 39
20 26
22 44
12 21
15 23
9 17
4 20
25 47
10 33
18 37
4 7
8 33
12 18
18 30
9 21
7 31
9 10
4 9
24 42
16 31
25 26
22 27
16 39
4 29
21 42
20 44
1 4
25 39
10 27
3 22
5 14
17 32
11 34
21 30
17 28
23 41
14 35
23 29
18 19
8 23
23 25
15 38
6 20
14 30
7 23
9 22
24 26
2 13
1 24
19 36
10 28
10 35
13 22
6 13
11 24
24 34
14 27
10 30
4 27
12 22
13 35
23 36
23 24
23 24
25 43
19 29
10 15
11 35
13 29
7 32
3 8
10 29
20 39
15 38
18 19
9 14
22 30
19 40
9 27
23 31
10 27
19 38
21 26
19 30
22 47
10 12
7 26
20 23
14 25
25 31
13 23
12 21
20 25
6 9
22 28
12 20
22 30
3 22
12 33
4 12
23 37
9 15
9 14
8 33
15 24
5 7
18 37
12 24
23 43
16 38
25 30
4 27
12 21
16 39
4 24
7 10
10 28
8 28
24 41
19 35
25 26
19 39
19 25
8 24
2 3
14 17
5 25
25 41
3 18
15 23
11 32
13 35
15 35
17 31
12 24
4 17
12 34
7 12
4 21
23 30
17 30
9 30
7 15
13 24
25 27
21 33
24 32
9 23
4 6
2 19
13 20
5 30
5 18
6 17
6 9
17 39
16 17
19 43
10 16
10 21
7 14
23 29
14 22
21 38
9 33
9 30
7 22
22 33
4 7
21 31
7 22
6 28
15 17
23 24
7 16
12 28
15 24
23 26
18 38
21 22
18 24
23 47
22 42
11 12
24 31
10 15
21 38
4 16
18 19
12 14
9 34
19 44
10 28
4 6
12 36
2 8
7 32
4 7
21 35
3 22
22 36
25 44
6 9
5 30
5 24
3 18
18 39
14 17
13 30
4 5
16 24
6 30
9 20
1 5
2 6
24 47
17 42
17 41
5 28
24 33
18 19
24 35
24 36
15 28
6 24
14 37
2 23
21 31
7 28
15 25
24 39
7 25
15 40
16 35
25 41
4 21
19 21
4 21
16 34
4 25
13 32
20 34
17 32
1 26
10 25
9 20
5 20
5 26
17 39
16 32
13 34
9 15
25 38
24 39
5 9
12 29
23 29
8 22
20 28
13 19
24 45
16 21
12 34
25 30
19 36
20 26
13 19
13 25
18 29
3 27
14 30
16 29
21 46
1 18
7 22
24 29
12 29
10 11
13 24
5 11
5 7
11 30
7 30
7 31
10 19
22 46
24 38
13 34
15 31
14 37
5 17
5 24
3 19
19 35
1 26
21 28
1 10
25 32
8 14
7 25
16 22
18 32
19 24
11 20
20 44
6 8
13 23
20 35
25 40
7 10
16 19
11 28
11 22
25 43
18 25
12 21
12 16
24 31
11 21
17 22
10 35
6 28
11 13
12 25
18 36
17 26
22 24
2 11
12 13
4 11
9 24
15 37
21 34
4 10
24 46
12 21
21 41
5 14
23 41
21 39
13 25
1 12
13 15
20 22
4 29
8 23
16 40
11 24
11 27
20 32
13 20
20 30
3 4
18 43
19 32
17 25
1 20
18 32
22 36
17 20
15 16
17 23
24 26
18 29
18 31
22 29
21 37
16 39
19 30
24 36
23 41
21 45
13 28
14 24
6 11
14 34
5 10
25 30
6 26
15 40
9 21
6 10
4 28
3 25
9 12
10 18
22 27
8 18
22 43
21 23
2 11
23 31
13 38
12 32
19 21
20 22
15 17
7 25
2 13
15 25
13 14
20 30
8 10
21 25
25 41
7 8
24 28
9 22
3 25
7 30
23 26
24 36
5 12
7 13
17 40
18 25
23 37
18 23
15 28
8 22
5 21
17 20
20 45
15 39
23 46
22 43
1 23
9 16
4 19
14 36
12 18
5 15
21 45
16 27
13 14
1 18
16 33
21 33
18 30
11 27
10 17
13 23
3 24
16 24
13 19
5 6
12 23
10 17
10 13
19 41
3 25
14 32
13 24
5 13
23 38
25 32
23 35
18 43
9 19
10 31
15 31
22 25
1 9
12 24
10 17
9 23
3 27
7 25
9 22
25 31
4 28
14 15
12 20
2 22
19 32
18 27
3 19
13 17
23 24
15 25
8 33
23 33
25 31
2 11
18 21
16 37
3 10
23 39
16 18
11 21
14 19
20 37
20 27
22 41
8 21
3 20
15 16
1 15
6 11
22 23
9 24
23 37
23 46
4 17
24 40
22 36
20 38
7 21
25 30
8 17
18 30
2 9
14 18
20 40
10 29
22 41
10 31
9 18
18 30
21 39
3 23
9 33
14 29
13 26
20 42
23 37
8 32
22 44
3 19
18 30
11 27
7 29
11 26
5 9
4 7
21 27
24 28
4 16
21 39
2 19
16 17
5 29
25 26
22 26
18 32
17 23
6 7
4 20
17 26
19 39
13 30
2 13
22 28
22 41
25 50
10 26
1 17
16 18
16 28
7 18
2 25
18 25
25 46
22 39
6 24
11 29
9 22
5 12
20 24
1 20
3 13
11 14
1 2
4 22
12 22
5 18
10 32
21 30
20 38
25 50
10 23
20 40
2 26
3 24
2 5
16 21
15 17
7 24
2 15
11 27
22 40
5 13
14 15
17 27
20 38
10 16
7 13
2 10
4 8
3 11
9 30
14 37
22 44
16 41
9 12
17 25
20 42
15 26
24 32
20 38
3 9
25 34
11 12
17 34
4 25
24 36
16 28
11 25
8 11
14 33
6 13
1 26
3 20
10 13
25 30
22 24
12 33
12 35
21 24
16 18
1 17
15 31
4 7
5 16
5 25
6 16
1 9
12 18
25 48
10 11
2 9
4 20
2 17
15 40
18 23
3 21
20 37
10 33
21 37
10 11
10 28
12 25
25 48
18 42
21 23
24 48
10 14
16 30
19 24
15 28
9 26
7 12
10 26
2 8
7 21
8 26
6 25
5 10
19 43
6 22
3 9
16 28
10 17
25 28
11 25
15 37
7 30
1 18
13 16
24 45
18 24
16 39
1 21
4 23
21 30
11 34
15 17
11 12
8 21
3 23
3 22
16 26
18 35
3 8
21 22
3 16
8 26
12 20
14 29
2 13
1 15
10 27
15 36
17 41
8 29
19 31
16 27
21 29
2 27
14 38
2 18
13 22
10 34
19 20
16 38
13 29
10 33
9 34
18 43
25 27
22 42
13 25
6 17
19 28
10 17
8 20
25 47
22 33
21 36
11 24
11 35
5 26
23 36
22 37
14 35
18 28
18 23
21 44
15 31
8 10
22 39
13 36
14 25
9 18
1 22
23 36
21 23
10 28
14 22
7 11
6 30
13 36
6 16
20 40
25 29
21 44
21 31
21 30
23 27
19 42
24 40
12 34
17 41
14 21
6 29
10 21
23 45
10 13
8 14
25 34
10 32
6 11
9 10
13 19
6 14
5 12
23 39
3 19
16 34
22 44
15 21
9 22
4 23
15 28
24 38
21 29
13 14
14 35
4 5
1 12
8 13
19 26
22 45
22 35
16 36
11 16
2 21
17 22
14 23
19 32
24 38
22 33
17 28
6 26
13 21
7 30
12 13
4 15
23 26
23 36
22 30
20 44
3 16
5 22
21 45
6 26
12 14
7 12
12 25
1 26
22 30
24 33
10 12
21 28
4 22
22 25
2 18
1 5
5 10
22 23
5 7
22 41
4 7
23 40
17 41
18 32
8 24
24 41
20 39
23 46
11 32
2 16
13 15
19 37
9 25
18 31
17 33
8 30
18 24
16 26
4 12
23 36
1 22
4 24
16 17
17 18
24 45
16 27
22 31
5 12
24 48
20 38
14 16
16 23
9 15
18 32
14 29
1 15
12 16
8 12
7 8
4 9
21 42
17 37
4 26
1 6
22 44
22 33
1 13
17 26
20 29
25 33
25 50
23 36
6 13
16 28
7 28
18 23
16 27
1 22
9 10
25 31
23 46
16 39
12 21
8 14
17 24
13 31
9 21
7 21
18 42
25 26
19 38
5 16
4 9
6 19
8 16
18 25
5 15
6 22
18 31
21 32
22 32
3 8
21 32
18 31
9 28
14 16
12 32
14 29
2 23
4 13
3 26
15 23
7 27
23 24
9 30
11 16
5 20
11 12
25 28
15 25
23 26
13 22
25 26
1 2
22 28
11 35
4 29
8 20
21 29
13 17
3 28
9 18
15 34
11 27
24 25
1 22
5 18
7 11
16 25
6 18
14 30
12 31
17 39
8 20
4 24
16 24
21 22
18 30
21 25
3 22
6 11
17 27
19 44
16 25
8 29
22 45
14 23
19 24
7 8
17 27
22 31
19 36
9 20
4 8
16 24
25 46
14 30
8 15
17 40
16 17
20 32
23 33
22 38
15 18
18 26
14 28
16 25
8 32
22 33
4 16
20 23
10 18
20 37
14 25
14 20
11 21
18 29
20 36
3 14
21 42
18 27
11 19
20 38
8 24
5 16
2 26
16 27
8 18
4 26
23 40
2 12
4 25
20 43
14 39
8 17
22 24
19 26
11 24
25 43
3 9
5 12
5 25
19 33
7 30
10 14
16 30
13 32
11 21
18 19
11 13
9 16
3 8
13 26
17 31
7 29
20 32
5 6
8 31
14 28
22 23
17 30
16 23
8 9
18 19
2 5
4 16
9 18
16 37
21 31
12 17
6 12
18 30
8 33
9 30
14 22
21 28
20 31
15 19
14 21
4 21
9 19
5 22
18 41
15 30
7 10
19 33
8 19
25 40
13 21
12 15
15 25
9 20
22 46
15 27
7 27
3 19
4 14
9 30
7 32
11 24
2 8
1 12
19 21
2 8
9 23
10 11
23 41
13 34
18 22
8 33
24 36
17 21
21 23
2 4
2 16
16 21
21 39
16 30
19 36
21 26
7 12
7 11
25 46
2 21
25 34
20 45
20 31
3 19
15 21
19 35
19 31
20 35
6 18
5 30
4 5
6 16
7 19
16 22
7 24
25 33
2 21
7 28
7 19
13 34
17 26
13 24
20 27
2 4
21 27
1 2
8 16
12 27
19 21
20 23
20 41
10 31
15 32
19 42
3 11
18 39
16 21
8 20
13 22
14 22
17 33
8 32
24 46
13 32
25 33
21 41
3 11
17 36
1 13
16 19
20 30
25 37
14 22
24 28
16 30
13 22
4 27
8 12
19 39
23 41
4 24
14 23
2 8
4 6
19 39
6 19
6 12
25 45
13 38
25 30
13 25
14 32
9 30
22 24
17 38
20 41
15 23
6 23
15 24
18 27
5 29
23 34
6 30
7 25
25 31
24 38
19 31
7 10
9 14
6 9
25 27
25 39
12 17
7 10
13 38
13 33
25 36
7 12
11 24
24 35
20 42
24 37
11 18
17 38
11 36
23 35
3 25
1 15
3 12
17 33
8 12
12 19
16 34
13 17
5 16
16 17
10 26
15 37
23 32
17 27
10 27
22 34
15 39
1 19
7 26
10 27
24 45
25 42
13 26
20 39
25 37
21 32
2 12
7 31
18 19
11 15
19 28
16 24
7 25
2 17
11 22
6 17
6 14
2 22
20 43
15 36
11 21
7 20
20 35
13 27
17 40
18 30
6 16
20 34
2 23
6 18
9 22
24 40
20 23
11 27
25 50
12 25
12 32
25 31
11 25
21 26
12 27
16 35
24 36
10 12
8 25
15 33
4 18
8 32
16 34
16 33
20 24
4 10
25 30
13 24
19 29
15 22
2 9
25 27
19 30
4 7
2 20
20 28
6 8
8 31
22 45
15 33
2 22
23 24
25 37
13 31
23 27
24 48
11 36
1 5
11 15
6 20
23 25
21 25
3 8
1 25
3 20
16 20
12 27
6 17
3 24
3 4
24 27
1 12
2 3
14 28
6 27
5 9
22 24
9 11
7 18
25 34
3 21
14 28
9 30
1 13
16 21
14 31
7 21
2 12
17 33
24 48
13 18
4 16
6 20
13 27
25 39
24 26
8 20
17 34
10 27
5 30
21 39
16 20
8 28
13 14
12 25
25 49
17 22
10 35
19 43
13 31
13 25
21 43
25 37
13 22
5 24
11 13
13 16
5 26
22 41
21 29
7 29
9 34
2 22
1 23
19 33
14 22
2 11
4 7
22 41
14 15
12 13
2 27
3 9
22 24
24 43
11 18
18 37
7 26
14 23
17 26
24 29
18 43
15 36
5 16
16 36
11 14
20 32
4 28
19 44
25 44
20 33
1 13
6 15
7 28
17 40
6 24
2 25
17 35
21 44
3 14
17 30
15 26
1 19
12 33
19 32
15 31
25 42
2 8
2 11
3 23
8 17
12 24
8 14
4 7
5 12
16 38
21 26
9 31
25 47
17 37
10 18
10 19
1 13
16 20
22 41
24 28
4 16
15 26
19 38
16 40
2 10
22 44
14 21
18 31
4 16
10 23
21 40
21 43
7 19
25 30
5 30
11 21
14 39
22 29
20 32
5 26
19 22
20 30
10 22
22 35
25 33
25 48
2 24
21 31
8 30
15 29
22 47
23 35
1 21
18 41
8 33
20 24
2 16
13 26
3 14
25 29
19 20
1 23
23 44
6 13
18 40
21 37
21 39
2 26
14 33
23 45
20 37
2 26
8 22
11 21
24 37
13 30
15 31
13 25
11 32
19 24
17 33
20 35
10 31
13 37
17 27
22 33
3 26
11 21
13 35
19 30
11 20
5 30
24 43
14 25
16 25
16 24
24 34
24 32
8 19
8 32
22 28
11 12
5 27
11 28
20 26
5 12
16 27
6 22
6 27
2 24
4 23
4 6
3 7
12 24
16 35
10 22
25 48
14 20
21 45
23 40
7 11
23 45
14 19
13 32
1 17
15 19
9 29
8 21
23 42
25 38
14 25
1 16
10 25
21 26
15 35
23 44
23 43
20 31
2 11
4 6
24 45
7 14
17 33
21 36
11 31
4 6
8 15
16 33
21 34
24 36
7 28
10 14
18 22
16 35
12 34
22 34
19 24
18 28
21 36
24 32
10 15
9 28
11 13
10 18
14 24
19 42
6 9
3 26
8 27
18 39
17 31
7 17
18 42
19 34
16 36
23 48
24 32
20 31
9 15
18 41
16 29
20 41
16 40
20 45
17 29
21 29
25 27
19 38
3 16
11 29
9 19
19 28
17 30
19 20
20 31
25 35
23 44
7 22
19 22
17 30
14 26
22 37
15 31
11 28
5 26
11 24
7 11
23 46
18 34
25 38
3 4
24 26
21 29
19 36
10 20
4 28
23 25
15 27
17 42
6 29
22 40
12 15
22 31
3 19
1 3
5 8
5 11
7 32
13 38
18 40
11 34
22 30
25 37
21 39
13 16
16 28
21 25
16 35
13 31
9 22
22 38
18 19
23 47
2 12
25 45
8 18
17 22
19 37
18 32
11 18
17 20
20 32
6 17
7 25
3 20
8 9
7 32
1 7
25 30
15 39
24 47
8 25
4 5
12 35
16 38
4 13
1 2
22 28
11 14
1 16
20 28
16 19
9 27
9 19
22 47
8 30
24 41
14 16
19 21
1 10
25 30
20 45
5 21
5 22
21 26
6 21
14 37
19 43
16 18
8 20
2 17
9 34
8 32
4 5
25 29
12 36
10 16
23 39
21 25
7 23
11 26
7 8
12 13
25 27
4 11
16 21
24 48
7 13
24 34
7 32
15 35
23 48
25 47
17 39
2 26
15 27
15 36
13 14
23 35
5 7
20 40
6 26
20 34
3 21
25 36
17 32
5 21
16 20
14 21
25 40
7 21
4 25
12 28
24 33
4 9
10 35
24 42
20 40
6 28
14 20
9 14
22 35
22 34
16 26
20 37
1 3
6 10
24 41
21 45
2 26
3 15
1 4
4 26
22 33
18 28
18 21
16 30
15 29
2 7
25 47
21 22
25 28
6 31
21 23
24 47
2 3
11 13
4 18
23 25
1 18
12 33
19 23
9 17
18 31
14 31
11 23
19 31
16 41
11 23
3 14
11 15
12 33
8 25
11 18
20 33
24 32
8 27
12 31
4 10
8 27
22 40
7 25
6 29
17 33
11 30
4 27
24 39
18 24
8 13
15 19
17 32
12 14
8 31
20 33
3 5
9 10
21 36
18 19
14 25
18 42
6 27
23 28
12 29
12 33
21 22
25 40
15 26
18 43
10 22
14 26
15 37
14 24
12 19
12 14
19 23
3 28
2 27
6 19
17 36
11 25
20 30
3 14
20 42
12 18
8 9
17 41
24 31
10 22
15 36
14 23
2 18
10 13
15 30
17 23
10 12
20 24
13 37
17 26
21 26
14 19
5 12
6 10
14 29
15 18
13 18
13 27
20 42
18 28
13 24
17 40
15 28
3 5
14 35
11 22
1 2
15 20
8 30
10 33
12 14
2 26
6 21
14 15
13 21
12 15
20 25
2 11
18 22
13 19
2 27
16 18
25 32
8 17
4 24
6 23
21 31
17 20
1 8
5 20
16 32
17 27
21 39
19 34
24 32
20 22
7 19
3 11
20 32
17 42
6 30
16 19
8 17
6 14
15 25
23 28
3 19
17 42
11 21
14 25
19 29
12 14
21 35
9 26
2 4
17 25
1 10
12 22
18 35
20 29
4 23
14 20
9 14
7 28
16 36
6 17
4 21
12 13
7 27
17 26
22 30
18 42
17 21
10 21
21 25
19 20
24 33
8 18
15 29
5 12
8 19
17 30
4 7
13 24
25 29
21 44
14 27
23 30
16 23
19 32
13 25
13 24
23 45
20 32
10 12
21 40
12 24
6 23
17 35
4 22
24 48
17 31
11 25
20 24
22 35
16 25
1 7
22 47
2 18
12 24
17 26
5 10
22 35
24 37
5 7
7 12
1 24
18 31
13 27
18 28
3 14
20 24
16 32
3 22
9 25
7 32
24 38
7 28
1 6
10 15
8 27
12 22
16 20
23 29
18 35
15 35
2 11
25 42
2 7
11 21
22 39
11 32
5 22
18 25
23 27
12 18
22 47
17 32
3 19
20 42
8 19
19 28
21 39
3 25
24 39
6 27
6 23
18 31
10 20
19 29
15 22
17 31
8 16
3 14
24 48
9 15
9 11
14 18
22 38
3 23
7 15
15 30
1 10
2 13
20 42
20 30
6 17
23 36
18 20
25 43
2 13
23 33
12 26
15 25
6 25
5 18
2 23
2 6
7 12
14 15
1 11
10 18
22 31
23 40
10 34
9 22
9 18
22 45
22 36
7 9
7 20
14 24
11 26
14 31
19 23
19 41
16 20
6 20
14 19
5 6
4 20
13 27
1 13
11 33
25 45
23 31
9 23
20 41
5 15
14 38
13 21
22 27
11 13
19 43
7 32
1 13
17 31
25 42
25 38
13 14
9 22
8 25
1 5
13 18
13 14
5 6
10 13
7 27
5 30
21 34
2 25
1 19
11 36
10 20
14 38
10 32
11 31
14 27
23 26
20 31
5 6
13 28
4 23
11 21
21 29
24 46
6 30
16 32
25 50
3 17
24 36
10 21
8 33
1 7
2 22
18 27
20 27
23 48
2 12
9 31
18 27
20 45
7 18
17 24
12 31
20 30
8 14
23 38
6 29
22 31
19 33
17 32
20 36
15 37
1 26
20 40
11 28
21 38
2 14
25 38
6 27
25 40
2 26
4 13
21 22
17 33
16 27
5 18
1 22
9 12
23 28
22 30
21 38
1 25
6 7
12 23
21 32
2 26
11 16
7 13
7 8
23 46
11 15
10 23
2 22
16 40
1 15
8 30
6 16
20 33
10 18
25 33
20 21
6 11
5 20
12 24
15 24
11 13
15 35
14 30
16 20
16 32
18 41
14 39
9 20
12 31
18 29
3 18
11 19
19 36
24 32
3 18
18 33
16 23
9 14
22 23
10 22
17 21
11 16
3 23
17 33
15 25
1 18
1 14
1 20
5 30
3 12
16 37
24 31
2 11
13 37
10 34
10 11
3 26
7 12
17 41
21 27
10 33
24 34
11 35
5 20
25 33
25 41
3 26
24 30
7 18
4 20
11 27
18 31
13 14
20 26
24 39
11 21
14 25
21 45
9 10
15 24
10 25
1 15
14 38
19 39
11 34
12 33
15 21
9 11
7 10
7 14
19 38
19 26
4 18
8 22
14 38
24 47
15 39
13 17
24 31
25 34
6 18
7 27
19 36
21 46
21 25
9 23
24 26
22 26
15 21
17 23
5 23
5 24
18 36
22 39
24 46
2 6
10 20
23 26
1 21
5 26
25 38
11 34
16 26
3 8
15 36
10 31
13 28
17 25
9 24
24 31
11 13
10 32
12 21
2 14
5 11
10 14
20 40
3 13
4 9
14 35
25 26
16 31
17 26
22 47
24 46
8 19
25 44
8 19
4 13
25 33
16 25
11 21
5 20
21 32
19 30
8 28
13 38
11 15
9 18
5 12
5 19
17 22
7 8
17 27
11 29
17 18
1 5
12 20
18 25
20 33
20 22
10 17
1 21
13 22
4 21
15 25
8 17
16 30
9 17
1 21
25 44
20 23
25 34
12 31
17 23
7 18
9 27
18 27
14 19
20 39
23 34
4 9
19 40
21 24
5 28
22 29
16 32
11 26
1 23
9 27
4 21
3 15
9 29
22 44
1 17
16 17
4 25
5 27
16 18
24 45
24 44
4 21
13 27
8 21
10 26
5 20
9 19
3 22
6 7
18 25
19 29
7 29
5 18
18 40
15 32
19 34
13 35
6 31
10 24
15 36
6 27
12 29
5 19
10 21
17 19
19 29
13 15
6 23
16 41
16 23
16 25
22 28
8 12
5 24
19 40
17 42
17 20
18 41
19 21
10 20
6 9
21 39
6 9
12 34
2 6
3 23
14 38
25 46
5 11
17 40
2 10
24 44
10 26
17 22
20 22
16 41
6 17
19 31
13 20
10 25
10 22
11 35
13 23
21 38
15 27
16 32
19 34
12 18
5 9
12 36
5 8
25 37
15 36
25 30
2 11
21 33
23 29
12 22
15 22
3 7
19 39
22 36
9 17
19 35
13 21
14 33
10 26
6 30
11 16
5 17
16 41
25 38
5 18
24 43
20 23
25 40
22 45
5 13
5 6
23 43
8 21
13 30
3 21
17 32
25 47
2 19
23 26
4 7
16 20
21 33
6 28
3 7
19 26
11 12
7 15
20 34
21 28
7 32
2 3
15 18
24 42
19 40
20 44
25 37
2 25
25 34
19 21
12 25
11 34
15 32
5 14
8 10
17 33
2 20
16 32
22 38
10 25
14 20
15 28
18 34
10 29
1 5
23 36
18 26
10 17
1 17
17 27
20 28
1 22
3 21
13 37
11 33
16 40
4 9
11 34
23 44
17 40
1 15
12 30
23 44
1 26
14 31
10 18
24 36
5 8
4 23
2 16
17 36
12 32
23 48
18 40
20 29
22 42
24 32
14 35
6 20
22 41
7 13
3 8
17 26
8 31
2 13
11 29
4 29
12 15
24 28
2 22
14 37
16 28
5 9
9 19
19 25
5 30
13 22
6 11
17 32
2 22
2 16
12 17
13 37
10 23
4 15
7 25
8 30
4 18
2 17
1 21
22 29
19 28
16 18
13 22
16 32
4 22
5 22
24 41
17 25
5 26
20 33
13 17
10 28
18 29
9 29
6 11
1 2
14 32
4 7
2 22
19 26
14 37
23 35
16 31
22 44
12 30
10 11
22 41
18 34
6 10
10 23
8 18
16 39
3 22
1 7
13 32
14 17
16 29
17 25
4 19
5 20
7 21
15 20
9 19
20 36
13 17
4 26
16 35
20 38
12 32
25 27
13 28
4 9
2 24
12 18
11 29
20 40
8 20
24 40
21 40
9 17
24 36
4 18
5 30
8 26
19 26
19 25
21 46
12 37
21 22
5 14
18 19
3 4
12 13
18 25
21 22
16 36
12 34
8 26
21 37
11 26
24 30
22 44
7 16
21 26
9 11
13 16
2 17
3 17
17 40
22 35
23 36
7 19
9 25
4 10
8 24
20 27
24 43
5 10
4 29
11 25
1 24
16 20
12 33
17 23
18 32
18 33
3 4
1 14
16 23
18 42
24 39
5 29
8 17
6 19
10 26
1 13
14 30
15 17
11 20
7 12
24 25
20 21
1 23
13 30
5 12
15 21
21 42
4 9
6 17
17 34
2 19
3 20
10 29
20 42
2 6
2 4
4 27
2 7
19 35
23 24
23 37
6 24
9 20
23 39
22 36
7 32
8 19
18 35
6 18
15 25
15 31
11 32
13 28
2 11
5 29
9 11
12 26
22 44
1 20
14 36
9 31
23 41
9 24
11 25
2 3
23 41
18 29
15 23
25 41
16 20
14 15
8 10
14 18
25 41
24 39
13 22
11 23
4 23
2 16
8 13
16 23
24 33
17 31
18 36
4 12
22 42
10 16
23 48
11 36
15 24
14 18
19 21
16 38
20 37
11 15
23 24
13 34
11 17
11 14
24 39
12 34
11 32
2 12
20 32
9 19
22 47
15 30
1 6
12 32
23 47
1 21
1 14
18 32
18 23
18 36
21 26
14 20
2 17
16 40
3 4
10 34
25 49
14 39
4 6
22 25
2 24
25 29
11 28
17 22
21 31
23 42
16 27
24 43
3 19
17 22
19 22
4 22
2 21
20 27
22 38
11 34
14 24
3 27
3 23
3 4
6 8
19 42
13 32
16 31
10 20
19 24
14 38
22 39
17 35
25 38
