25 46
27 51
14 39
12 30
29 47
22 37
28 55
16 26
26 32
19 48
8 37
29 32
9 29
17 30
3 12
14 33
29 39
13 17
27 43
13 38
4 8
1 2
30 39
2 20
6 26
16 29
10 16
7 25
18 41
1 21
2 8
9 31
16 29
18 22
20 50
20 35
26 38
7 24
20 29
4 29
20 32
29 59
9 14
17 43
20 29
16 29
15 31
4 26
20 33
25 26
5 19
16 46
25 47
16 23
22 34
1 13
23 53
11 12
26 53
27 42
6 10
27 47
11 34
11 33
5 32
22 23
2 9
22 48
21 29
24 36
11 36
23 26
16 41
25 28
22 35
18 37
16 22
8 26
28 38
9 34
6 7
25 32
29 46
24 35
16 34
15 33
4 11
12 23
2 8
13 28
19 49
3 29
28 30
14 39
11 25
11 19
14 42
6 11
6 27
7 20
30 51
30 55
20 31
5 18
16 34
27 53
9 38
22 28
22 49
23 47
10 35
23 39
22 50
12 39
10 28
9 11
9 39
26 54
10 11
10 28
10 16
5 23
26 52
16 25
14 44
2 26
24 48
1 17
13 25
4 18
29 34
15 22
4 15
26 32
3 8
23 35
2 29
21 40
15 43
27 55
27 47
13 34
13 26
28 53
16 17
9 24
27 42
13 14
25 26
6 33
27 55
30 51
16 37
9 31
18 46
20 27
17 41
19 41
29 37
8 22
30 46
20 47
1 26
27 44
25 27
6 27
21 26
11 39
17 29
20 47
1 2
3 12
24 37
30 52
20 28
28 47
15 32
15 22
11 22
16 21
4 25
18 34
25 45
14 18
23 26
30 53
3 5
24 42
6 29
2 27
22 51
13 42
15 35
5 23
30 42
14 40
2 3
11 30
13 29
22 27
10 31
20 24
14 27
22 41
27 50
13 32
13 30
17 36
6 19
6 34
25 45
15 33
12 29
6 22
3 30
21 25
9 11
8 30
14 35
2 12
5 11
20 37
15 21
5 25
11 14
9 36
22 37
14 39
2 22
11 37
8 31
29 46
24 52
30 37
18 42
8 22
29 57
30 43
25 52
25 52
29 54
23 35
10 17
6 9
18 26
28 53
30 48
3 18
16 41
13 38
18 39
9 17
10 40
13 39
26 55
23 39
23 38
19 43
13 30
26 56
24 47
17 33
11 30
30 48
13 26
12 34
25 45
30 34
20 32
29 36
10 23
15 39
20 23
18 20
19 24
24 29
28 38
20 50
28 47
17 20
23 51
24 41
10 33
20 41
26 37
27 54
23 34
21 25
6 36
6 30
4 33
28 51
30 39
14 41
28 58
29 41
20 35
29 50
29 39
11 36
12 19
13 40
10 35
30 37
24 51
30 50
17 37
12 28
28 54
13 30
17 20
29 57
17 36
18 34
28 56
2 12
27 41
28 34
9 36
12 36
24 27
13 23
14 39
26 38
12 42
20 48
24 42
26 37
28 33
18 44
3 22
27 56
24 40
26 28
12 41
18 45
1 31
29 44
16 32
18 45
15 22
17 25
17 21
10 24
8 35
1 3
7 26
30 31
4 29
24 32
15 26
4 20
11 13
22 40
9 10
7 30
29 44
23 30
18 42
13 30
21 34
19 38
24 34
19 46
5 10
26 37
15 45
26 43
23 32
27 29
1 4
16 46
17 47
6 32
24 42
12 18
23 45
24 40
2 7
4 32
1 23
8 23
13 39
24 29
26 46
28 55
14 20
18 48
27 42
17 37
3 23
17 34
12 15
24 29
29 48
2 31
10 11
13 35
26 54
19 33
9 17
10 32
5 32
13 15
11 32
13 18
11 41
13 27
24 30
18 40
17 28
20 46
11 35
10 39
22 42
12 34
27 48
14 38
9 27
25 36
9 38
8 27
20 40
2 15
18 29
4 8
21 44
21 44
17 39
21 51
11 13
21 51
14 40
15 29
14 23
25 39
29 31
24 43
13 30
1 31
27 54
25 34
19 27
1 28
29 51
18 20
15 16
1 30
26 41
12 13
15 43
14 27
21 28
23 27
15 31
25 36
12 32
19 41
27 39
11 28
3 31
18 35
28 38
7 23
16 35
16 46
8 30
5 34
20 39
2 7
4 22
7 22
29 55
7 24
29 46
4 5
6 27
9 13
23 39
19 27
4 30
30 33
17 43
1 8
14 38
11 29
12 29
2 12
4 34
19 21
16 38
24 38
4 7
17 43
18 45
4 17
22 47
15 16
20 28
7 10
1 10
20 24
17 31
6 27
5 29
14 27
15 23
26 36
2 14
6 17
30 31
23 36
25 54
13 27
6 25
16 45
19 47
2 8
3 10
18 25
30 31
19 25
30 44
16 17
17 38
11 27
13 38
29 36
16 27
20 41
22 49
19 29
16 37
7 17
19 43
17 36
25 52
16 32
11 12
17 36
13 32
27 52
6 23
23 44
27 31
11 21
1 23
12 20
4 22
18 40
12 38
2 30
22 40
13 37
10 31
5 28
2 3
9 16
17 19
19 24
5 26
7 34
12 30
27 34
27 33
21 51
1 23
27 49
1 3
8 11
14 26
17 32
12 37
13 33
18 41
24 39
14 44
3 20
9 38
24 30
4 18
5 31
27 51
10 30
17 34
22 52
20 28
7 30
24 35
12 24
4 9
26 43
27 55
25 30
19 37
10 24
23 30
10 22
22 41
1 9
5 27
29 45
21 26
8 22
8 27
25 36
15 27
19 30
2 15
16 36
23 40
25 32
15 19
18 24
22 32
5 23
1 5
3 16
30 40
27 34
28 41
17 30
17 44
15 33
2 32
29 53
9 32
22 45
27 37
29 39
19 22
28 40
6 36
24 52
2 14
4 33
25 38
3 14
9 27
20 30
9 19
25 42
2 19
10 30
26 56
30 36
24 43
9 31
18 43
19 30
6 28
10 32
4 8
2 7
13 26
14 36
22 31
30 46
17 18
5 17
22 48
9 25
14 32
7 31
12 37
4 13
8 13
1 5
1 25
8 21
7 28
26 54
21 39
5 12
10 20
10 12
27 38
17 28
28 43
26 27
1 22
1 31
26 27
3 21
25 35
30 53
23 41
12 25
5 22
12 26
26 47
7 29
23 46
24 36
29 40
12 33
2 15
21 40
5 28
6 27
3 30
13 38
14 39
29 39
11 13
24 52
15 45
11 18
15 20
19 24
15 37
26 34
26 42
26 27
8 9
21 23
28 32
18 29
20 29
21 51
10 16
27 51
27 34
1 4
3 22
8 18
10 13
17 45
10 23
28 37
13 23
11 13
5 25
5 29
28 45
23 31
22 33
23 33
10 25
13 25
3 23
21 26
14 44
24 47
12 33
1 17
30 33
18 23
23 37
20 32
30 43
11 24
15 19
22 46
18 44
28 41
7 17
9 29
9 11
12 32
14 19
28 33
7 14
1 22
20 41
3 22
25 38
23 32
8 14
25 51
2 24
30 38
1 9
28 30
1 2
13 27
27 37
18 22
16 35
16 43
9 27
7 10
23 52
3 33
5 32
25 53
18 34
5 16
15 39
12 27
17 33
20 25
26 34
30 33
18 34
30 48
3 31
12 37
27 41
25 48
3 14
12 24
19 27
22 25
24 49
10 12
11 40
6 34
28 34
30 45
21 42
24 47
19 24
10 17
11 37
21 34
28 52
24 40
1 9
11 35
24 44
25 51
18 19
23 31
6 21
14 32
27 35
2 17
4 15
13 27
28 53
18 36
18 30
3 22
11 24
4 8
24 45
22 34
21 35
19 37
20 22
5 22
1 7
23 28
9 37
10 38
22 50
15 17
1 11
20 23
14 29
28 36
5 24
11 28
25 46
4 18
14 44
22 37
28 43
11 39
4 24
25 50
9 19
18 27
11 18
11 35
14 23
1 19
19 30
5 18
1 31
27 42
30 48
21 40
24 25
16 43
12 14
14 35
3 4
21 34
30 54
7 12
24 31
22 34
10 28
25 27
18 31
16 25
22 50
19 35
28 32
4 6
5 14
22 30
2 14
12 35
5 23
27 55
17 27
10 36
20 46
27 34
8 13
7 36
2 27
6 28
20 22
23 39
10 16
15 18
17 44
25 39
14 27
3 33
15 27
17 21
29 43
2 8
18 48
5 16
16 26
24 29
11 19
12 25
13 40
15 37
23 25
5 33
6 13
28 48
11 25
15 24
19 35
15 43
7 18
1 23
20 44
26 49
24 32
27 33
26 29
27 45
26 27
7 9
30 56
13 23
2 22
18 38
5 7
10 14
12 22
25 49
25 38
8 26
20 46
24 31
28 40
24 48
13 35
17 29
18 39
21 40
10 40
8 15
24 33
10 37
18 22
20 33
16 35
30 57
14 29
3 7
27 45
27 28
10 15
4 31
25 41
7 12
15 21
3 11
15 27
5 7
15 31
6 29
27 55
19 29
12 26
5 35
1 2
30 32
27 52
20 42
10 36
18 43
2 22
24 40
1 21
9 16
6 21
29 31
12 22
3 18
23 31
7 22
30 58
17 44
23 51
10 12
24 51
18 35
16 28
2 10
1 3
14 42
16 21
29 48
14 38
26 54
23 25
12 26
29 49
10 23
18 29
15 18
7 9
19 33
5 17
21 27
5 32
3 24
1 25
1 7
9 27
25 48
19 47
6 16
10 18
22 41
18 46
21 46
22 23
30 56
4 25
23 31
9 27
28 29
3 24
28 39
8 30
3 22
19 49
20 48
7 10
16 41
1 29
11 33
28 38
9 10
22 24
9 39
19 47
30 51
10 37
1 11
10 35
20 41
24 33
18 41
3 29
17 42
15 42
16 21
6 31
5 33
26 31
27 33
25 44
26 52
7 25
5 14
4 20
29 48
24 32
11 30
3 30
13 23
23 44
14 35
15 25
18 20
7 13
7 8
16 40
18 33
11 34
23 37
8 29
2 26
28 41
4 27
1 17
2 26
6 13
6 18
16 31
5 19
12 23
6 34
4 28
4 10
8 34
19 26
8 21
30 35
25 50
19 44
11 23
10 26
18 25
20 46
21 45
9 12
27 42
22 44
8 33
28 43
12 28
21 40
20 33
15 29
7 11
1 10
15 17
17 42
9 15
20 49
29 49
23 48
4 18
17 20
30 44
9 12
21 43
21 32
26 54
16 40
23 31
3 10
10 29
23 41
16 20
8 22
24 25
1 20
6 23
22 28
22 44
30 34
13 26
6 14
10 24
24 26
21 47
30 60
6 21
9 22
18 35
26 29
17 35
22 44
26 31
19 28
26 37
13 14
23 33
30 54
15 38
25 31
10 26
27 34
30 58
19 37
14 29
12 34
24 27
5 25
7 23
28 53
26 28
17 27
12 28
3 29
9 28
23 33
4 16
17 43
9 14
5 19
11 27
27 32
11 12
16 25
8 21
3 28
15 34
4 22
27 55
5 10
16 44
6 18
1 23
7 8
19 22
6 27
18 20
17 45
2 4
7 9
15 16
26 47
12 34
8 16
19 31
12 17
1 10
8 31
1 15
23 34
8 36
1 26
29 47
15 38
11 32
16 41
13 24
15 39
2 16
1 22
26 30
17 35
13 37
11 16
29 54
15 21
23 38
30 43
24 30
27 32
26 38
21 30
15 43
24 40
11 36
28 56
28 42
16 26
29 47
14 41
12 32
2 28
27 51
1 21
29 56
16 33
1 8
17 32
26 36
22 28
4 24
26 50
25 36
3 27
20 29
20 43
28 50
11 27
7 18
6 11
29 42
21 42
11 40
5 11
9 28
4 16
8 37
27 29
1 31
25 45
30 37
4 23
28 42
5 31
16 18
30 37
14 27
27 44
11 35
14 33
12 29
23 34
7 26
12 19
10 39
18 19
5 19
20 44
27 51
19 24
17 35
11 33
22 51
8 33
22 36
5 30
30 57
5 34
8 17
5 14
7 22
2 5
28 49
26 42
6 20
20 42
23 45
5 12
21 34
1 5
26 31
29 46
24 49
15 38
3 15
23 24
26 50
3 26
14 34
30 41
3 23
24 42
11 40
24 25
3 19
27 55
20 45
6 19
11 24
27 41
24 44
6 17
13 14
25 52
20 44
29 44
13 36
2 18
21 38
8 31
2 6
12 25
20 29
18 19
21 35
6 12
3 14
16 32
11 21
4 5
26 28
15 23
16 24
15 21
16 39
20 37
18 19
21 29
2 10
8 30
22 27
28 44
15 20
1 19
7 33
10 12
20 36
1 6
23 39
3 33
30 52
16 33
15 21
24 40
6 29
7 34
27 53
12 16
23 28
13 42
30 52
30 41
29 59
16 29
7 25
12 18
9 36
15 30
24 32
30 59
23 52
17 36
16 37
14 22
25 51
6 22
9 36
27 34
27 39
19 44
21 51
23 44
18 25
6 10
6 11
24 52
3 14
9 20
1 23
18 35
10 34
2 20
20 40
17 25
23 28
25 38
27 44
4 18
23 24
17 37
5 16
18 48
13 31
10 15
1 28
21 31
12 26
20 44
4 10
23 41
2 19
1 29
3 29
12 29
26 46
7 29
30 54
21 25
11 33
8 19
11 39
13 27
4 6
7 14
29 59
24 54
16 32
28 39
3 4
27 55
20 23
12 24
18 42
15 35
16 39
23 41
12 17
1 16
28 36
13 31
7 36
17 31
6 12
24 33
6 19
28 46
15 24
21 24
3 8
22 32
19 25
27 50
10 37
29 58
4 16
16 18
2 27
8 15
30 53
15 43
5 10
7 27
13 40
14 21
23 50
16 20
3 15
26 38
9 33
3 7
27 45
28 48
4 9
27 53
27 30
23 47
7 28
13 33
17 43
18 19
14 18
4 20
7 28
20 27
7 29
11 14
1 31
23 28
26 37
30 44
13 27
7 27
4 23
1 13
6 16
4 24
13 21
27 47
28 44
18 22
7 35
29 59
19 32
4 18
23 26
28 55
8 12
8 19
15 45
14 26
10 27
23 45
16 36
3 17
5 26
9 13
10 17
3 32
19 47
4 7
22 45
30 59
19 26
1 4
7 21
6 22
22 51
29 37
18 20
13 27
14 35
9 32
20 23
13 43
30 39
3 24
1 25
11 30
22 33
13 33
16 27
5 13
9 35
7 25
19 38
1 3
1 3
16 36
4 25
12 16
29 35
16 37
29 56
2 22
7 21
2 25
24 52
22 46
23 51
11 22
16 20
4 12
5 17
28 58
2 11
3 25
6 25
12 16
15 28
15 28
19 35
5 9
14 32
20 48
15 45
9 31
25 29
30 51
15 34
21 29
19 34
21 45
25 50
19 20
7 10
14 31
11 21
13 29
28 30
13 17
23 36
26 44
17 34
30 53
5 17
23 38
27 40
30 51
7 25
22 28
12 17
14 36
6 32
7 10
27 39
29 49
24 48
29 31
2 30
25 31
10 19
12 40
21 32
18 38
28 29
17 26
27 57
23 26
26 47
27 41
2 27
25 43
10 33
19 30
13 18
8 22
13 32
11 37
29 49
7 25
21 44
19 36
22 33
11 20
23 31
15 40
2 11
12 16
2 24
14 20
27 49
19 20
2 31
26 49
18 42
10 18
16 36
17 47
30 57
30 45
4 18
9 37
23 35
1 17
3 17
21 42
27 36
22 51
29 38
21 37
3 25
16 26
12 14
9 12
28 29
17 19
14 31
21 49
28 41
13 36
18 43
13 28
25 51
5 28
27 44
9 30
8 32
30 41
25 26
6 20
1 23
7 13
1 28
4 24
9 17
4 23
25 34
3 22
4 33
12 34
15 35
12 26
5 9
25 46
4 34
26 52
13 16
23 28
21 39
25 47
18 46
10 22
6 10
30 32
2 13
23 39
22 27
29 47
30 45
30 55
14 40
12 31
28 32
23 33
22 31
1 2
29 39
12 16
13 16
27 33
6 26
21 40
16 36
7 22
4 32
1 11
23 35
20 32
15 19
22 50
13 27
28 39
16 17
6 26
4 29
26 35
14 30
27 48
27 52
27 50
23 50
24 31
8 21
11 25
8 10
4 24
7 8
22 44
24 44
12 39
14 21
27 46
14 29
1 4
2 29
25 41
23 33
22 44
22 24
5 26
25 55
11 35
1 25
15 31
5 23
4 14
16 46
28 58
6 34
2 9
16 34
22 52
27 33
21 31
29 47
30 46
17 19
9 18
18 33
16 30
3 22
24 42
10 23
9 25
3 5
14 32
11 39
18 25
25 55
8 23
9 39
30 48
23 53
18 28
15 19
16 25
14 23
18 42
13 40
1 16
20 26
3 4
25 37
29 48
3 32
4 8
28 53
21 41
25 55
22 23
25 32
1 10
7 25
24 43
6 30
4 22
21 49
18 34
1 9
4 7
6 35
6 31
16 34
7 9
18 38
2 6
18 42
12 36
11 16
4 13
20 49
26 37
26 31
18 36
4 17
21 23
12 30
18 45
6 30
28 43
5 26
18 40
14 36
7 23
18 29
16 24
9 12
10 37
29 56
14 39
9 35
26 38
14 27
30 41
29 48
17 20
1 5
25 31
17 18
22 27
3 32
4 8
24 37
22 44
1 28
16 17
23 26
5 33
16 20
8 14
15 31
8 23
11 35
21 49
17 21
2 21
2 29
14 31
9 14
9 10
2 18
23 39
19 46
13 39
23 35
1 8
27 57
21 28
24 27
26 36
6 25
28 58
15 19
16 31
8 24
15 16
2 10
16 28
26 54
29 47
9 38
16 43
28 57
4 17
1 30
22 51
18 30
28 52
15 28
9 31
21 44
23 45
22 30
25 35
28 51
27 33
13 18
3 5
3 31
15 40
18 24
23 50
9 29
21 44
25 54
7 22
13 34
28 33
20 42
14 31
6 8
15 25
28 37
11 41
6 23
25 48
15 32
12 35
29 31
8 31
22 36
29 33
4 30
30 53
17 22
2 16
7 23
23 27
24 49
26 55
12 24
13 31
28 44
10 28
17 34
10 18
22 30
4 29
25 28
10 13
8 19
16 22
26 34
1 12
25 51
9 37
7 20
15 42
29 45
6 13
25 33
7 23
7 17
3 5
12 24
4 15
14 34
16 17
19 36
11 24
4 15
10 13
15 31
21 26
2 28
12 38
3 13
11 21
19 24
11 33
16 22
3 24
25 35
13 19
18 41
18 40
25 45
16 26
5 11
6 34
23 32
23 41
18 44
27 55
30 59
20 28
4 18
20 41
15 18
26 29
17 22
16 28
16 17
13 34
6 24
10 30
19 22
7 13
28 53
4 23
23 38
26 45
20 36
1 5
18 44
28 32
22 35
7 15
13 24
20 30
21 50
30 39
1 29
14 34
23 32
9 16
15 41
25 51
3 28
22 34
12 31
8 12
2 16
11 17
25 55
8 23
28 35
23 44
26 54
2 20
29 39
25 38
28 39
1 31
28 50
12 21
2 21
4 29
24 30
1 11
27 35
24 41
6 14
7 8
28 36
19 45
10 15
30 37
15 37
28 40
13 14
13 28
19 35
9 22
14 15
14 24
8 38
26 31
7 31
6 32
2 18
13 16
12 17
1 27
26 46
30 31
21 33
7 16
19 26
13 37
8 35
4 11
26 47
12 36
15 24
12 20
16 40
2 29
20 22
14 30
21 26
16 27
8 30
12 31
28 44
12 39
4 11
4 25
28 35
7 11
7 25
11 25
3 7
2 25
5 20
8 25
12 27
20 39
28 29
7 32
8 27
14 26
25 42
24 38
15 45
17 30
17 36
26 38
22 49
4 22
3 6
5 19
17 41
3 17
16 25
30 53
19 32
26 32
21 41
19 24
19 47
17 45
16 28
9 17
30 42
17 20
6 27
8 30
6 16
27 48
11 37
6 35
1 24
4 25
12 27
26 49
12 16
20 39
8 28
26 33
23 36
1 29
25 34
11 12
10 17
13 33
24 42
11 35
11 25
15 29
20 22
6 7
5 22
20 24
28 35
11 31
11 14
9 37
11 30
28 41
17 19
2 13
12 24
4 18
18 28
27 34
11 36
30 38
3 14
11 12
9 22
12 32
16 37
9 27
1 7
30 40
29 31
20 30
5 20
23 45
25 37
21 48
6 18
4 12
22 37
30 60
27 39
11 15
24 43
22 38
16 29
25 40
6 12
16 27
21 22
24 31
12 18
3 20
17 46
16 46
13 21
30 31
11 13
27 53
13 23
11 39
22 50
4 32
3 15
30 53
12 35
21 44
21 45
1 8
14 22
7 25
15 43
10 27
21 27
12 15
15 30
23 52
12 30
26 40
29 54
29 39
9 28
24 45
4 28
28 45
24 50
26 56
15 21
17 44
11 31
30 48
4 18
16 31
1 12
21 43
27 46
1 28
29 46
18 43
10 17
3 28
24 53
25 33
4 15
4 18
30 55
23 49
8 16
10 11
10 32
22 50
2 16
25 26
22 26
25 49
10 37
18 21
17 29
2 22
14 41
26 32
14 32
1 14
18 20
13 40
24 50
25 50
2 13
17 40
14 17
16 31
22 26
9 17
7 9
28 49
28 43
26 37
24 50
24 35
19 47
8 20
24 48
29 46
4 19
9 18
10 27
15 16
20 43
8 34
16 43
16 21
11 14
16 43
20 21
7 16
20 26
12 17
29 31
21 45
9 31
24 42
8 16
18 37
22 47
14 21
22 44
12 36
16 35
20 26
11 30
14 36
24 41
27 42
19 28
30 57
30 54
14 43
23 24
17 24
17 18
5 13
14 22
24 53
18 23
4 24
23 32
12 29
26 34
23 37
8 30
2 10
7 22
6 36
7 30
28 51
15 17
23 43
10 26
18 45
20 34
17 22
22 42
21 30
19 32
14 40
26 41
25 28
29 52
24 51
15 36
20 41
14 26
10 33
19 38
12 42
2 22
4 20
9 25
24 51
28 36
14 30
22 31
18 31
1 4
9 16
23 43
19 25
1 29
21 32
16 40
11 21
5 19
25 30
22 40
1 20
17 23
26 35
14 27
13 19
7 20
12 41
3 33
27 52
19 28
6 33
2 10
6 12
21 51
10 14
9 11
23 49
29 39
4 17
15 23
18 39
20 42
20 34
21 29
9 19
16 30
6 15
21 24
6 9
2 9
7 17
30 51
5 33
30 60
2 16
7 19
27 46
3 19
2 17
15 25
16 38
15 28
22 49
15 42
22 30
25 45
18 34
10 24
13 14
6 13
7 11
18 21
22 34
10 26
26 42
17 21
7 9
16 44
20 43
16 27
30 32
30 39
17 18
23 44
2 30
27 57
23 29
24 39
17 20
30 35
18 34
8 24
9 32
5 34
7 27
1 8
13 14
15 44
1 30
19 43
18 26
15 26
13 21
25 47
2 18
26 37
23 48
26 50
9 39
22 38
11 33
22 45
14 20
21 28
27 29
30 44
9 16
24 37
14 24
4 20
17 38
26 36
15 29
3 27
5 21
1 17
29 51
30 43
19 40
19 34
14 24
21 35
16 30
18 40
16 30
29 31
4 20
3 14
29 34
26 30
12 38
11 22
9 19
15 42
22 47
4 9
4 28
10 22
29 57
25 39
11 34
8 14
30 40
8 37
15 40
24 42
20 46
28 48
5 17
17 36
28 40
15 39
27 52
5 30
14 35
1 17
5 13
21 25
17 38
2 25
15 32
11 38
12 20
16 25
12 36
27 28
5 16
24 25
5 25
18 28
10 28
25 39
25 33
18 21
28 39
26 38
28 34
8 9
5 29
1 9
9 36
9 23
8 10
6 10
14 37
14 37
2 32
29 47
7 23
21 25
18 34
8 15
13 28
8 17
30 38
9 18
27 44
14 40
10 29
29 52
4 8
8 13
4 10
23 33
13 18
6 36
12 25
7 31
19 25
24 43
13 15
19 20
10 34
26 38
12 37
26 33
20 23
4 19
30 48
17 29
22 44
12 15
4 22
18 40
23 34
2 29
13 25
28 50
5 28
25 34
9 30
7 28
23 33
5 28
27 48
4 14
12 19
12 19
16 45
21 29
2 16
27 41
18 34
27 49
30 52
22 23
4 25
21 47
30 47
10 29
8 14
28 39
12 14
10 38
22 52
27 50
5 20
28 50
30 47
6 36
30 49
30 33
9 21
20 21
28 58
19 24
5 13
8 16
1 18
27 42
8 32
7 19
8 35
26 56
5 6
29 33
11 31
28 48
1 18
20 48
16 46
25 37
7 9
12 42
10 18
14 31
23 35
20 43
8 15
22 26
29 41
7 17
1 5
29 52
13 23
20 48
9 15
2 9
7 20
6 14
12 23
16 21
23 51
27 49
4 14
26 29
21 23
12 25
28 30
5 15
11 27
29 48
22 52
17 37
4 27
20 36
25 30
12 29
2 10
9 15
17 21
30 59
27 38
3 19
12 19
25 39
14 30
2 29
7 25
9 20
2 30
18 45
2 31
5 31
28 41
1 7
8 38
4 31
2 8
12 17
4 33
18 27
14 33
6 26
28 42
22 44
3 4
10 14
29 35
29 47
11 32
23 41
12 30
6 19
15 25
17 27
8 34
19 32
14 30
24 28
21 37
17 40
16 34
18 25
23 32
24 27
29 38
13 16
18 36
7 10
27 43
4 30
11 33
8 25
29 53
12 31
1 29
3 19
15 36
14 43
29 59
2 21
30 44
21 38
23 43
11 23
5 20
7 22
28 35
1 28
30 42
7 37
1 11
7 14
30 43
6 26
4 33
8 11
4 25
19 45
10 32
7 21
6 12
20 45
4 17
13 16
16 36
24 41
29 51
15 35
4 24
9 38
10 26
1 14
28 40
9 16
3 10
12 42
12 14
16 31
14 43
9 38
18 42
7 23
16 38
27 38
11 16
10 23
12 22
25 35
13 16
16 23
10 38
6 19
29 51
20 24
20 48
2 31
22 23
14 43
22 32
9 33
6 16
6 23
12 13
26 50
25 37
1 5
1 29
9 30
11 39
24 46
17 34
20 50
17 42
28 36
26 55
24 25
8 37
18 37
29 34
13 37
8 13
19 27
2 21
28 33
16 29
26 51
22 38
24 54
10 24
30 36
12 35
28 39
21 28
30 42
12 16
5 24
30 45
27 50
4 20
27 38
21 44
5 17
30 51
3 12
4 6
6 13
24 50
17 24
2 10
18 31
3 17
2 4
28 48
25 26
27 40
4 21
5 35
20 24
20 43
5 20
16 26
13 23
27 49
16 45
29 54
11 35
8 12
25 30
15 26
28 40
24 25
20 40
22 24
24 36
24 44
18 27
29 52
10 36
14 31
16 20
11 29
27 45
22 36
15 43
16 20
9 18
26 47
29 46
22 36
20 27
3 11
7 30
22 39
10 15
25 50
30 36
13 40
15 41
2 31
23 40
2 26
18 45
14 22
6 33
13 38
3 18
24 25
29 44
17 26
19 31
25 44
9 38
7 30
16 46
14 23
16 31
24 49
4 33
2 11
25 39
3 22
20 47
19 38
3 31
19 41
9 14
2 19
4 12
1 12
29 43
19 25
21 25
1 25
2 26
24 50
30 48
6 25
6 31
29 38
22 31
22 44
6 29
30 39
22 52
11 31
14 44
25 29
25 42
19 46
11 15
14 24
21 41
20 39
14 25
19 24
11 21
26 42
24 49
16 31
16 43
26 55
18 30
24 36
29 33
8 9
7 29
2 22
11 32
30 46
23 41
12 38
27 34
11 23
23 50
26 56
15 28
29 31
24 38
13 35
10 23
22 30
26 49
19 47
6 24
13 33
27 51
15 30
22 48
26 32
14 27
5 25
25 50
21 40
9 34
2 12
29 45
17 41
30 36
21 26
15 40
17 29
18 19
26 27
18 32
6 29
26 37
12 33
5 29
9 14
19 21
6 15
17 40
3 20
20 35
13 39
10 39
29 48
22 39
20 29
30 47
24 49
27 32
15 39
21 36
20 21
17 43
9 34
10 13
11 32
10 34
16 27
14 29
29 34
1 11
6 36
19 48
16 31
25 26
30 45
7 27
7 22
7 23
10 26
10 22
6 25
27 48
29 40
27 47
15 34
29 41
10 27
10 36
24 51
18 41
3 19
4 14
1 11
17 27
25 51
13 35
15 25
5 10
20 21
24 50
12 35
8 29
1 10
16 32
27 52
1 31
11 15
1 12
6 15
12 34
4 20
14 24
25 43
15 21
10 18
2 23
22 23
12 27
1 20
30 58
6 36
19 35
26 37
18 19
19 40
22 36
6 33
16 17
6 28
28 44
21 50
6 11
21 30
19 41
20 38
11 36
10 39
10 15
1 20
27 46
1 19
24 30
7 8
28 40
22 48
27 40
16 41
9 16
3 30
20 42
6 36
8 23
20 29
19 39
27 42
30 57
25 40
25 48
16 38
4 33
9 32
3 28
17 28
23 34
7 11
25 38
3 5
19 33
11 19
3 10
14 38
26 56
8 28
22 37
3 29
14 26
18 34
28 54
27 39
6 31
15 45
29 38
24 42
22 26
17 33
2 24
1 20
22 52
30 43
15 18
30 50
6 15
5 30
4 27
6 8
10 22
23 31
20 36
17 28
11 14
18 23
25 43
23 31
17 40
12 13
17 29
12 34
12 21
16 24
1 14
1 3
24 47
2 15
1 11
15 18
13 15
7 36
11 41
28 55
14 23
20 50
12 13
21 45
9 37
23 25
10 33
25 50
7 33
7 14
6 19
10 20
6 14
30 46
29 48
12 24
27 50
11 12
16 39
16 40
12 20
17 30
30 42
7 35
29 34
5 31
17 23
27 49
13 31
7 19
6 17
15 18
3 21
25 43
10 20
4 18
9 21
26 56
15 18
27 33
7 8
1 17
28 48
7 18
7 13
14 27
16 44
7 17
15 16
20 37
2 17
22 32
26 43
9 12
11 16
8 26
28 58
3 28
19 20
27 45
6 8
22 35
30 58
23 29
20 32
14 35
18 23
30 35
22 30
7 31
4 10
11 12
6 11
26 42
28 42
25 28
16 32
16 23
13 43
12 36
3 21
14 34
22 27
24 29
4 27
29 37
28 29
30 55
28 45
3 28
1 28
19 35
13 39
14 31
17 34
11 30
4 20
30 48
21 37
14 30
8 12
15 42
27 42
22 46
1 25
10 33
12 32
30 46
8 21
3 27
30 35
5 8
12 38
12 36
11 37
10 28
29 53
7 32
30 58
10 11
13 24
23 47
1 24
10 40
5 9
15 19
30 49
29 32
15 25
27 44
27 55
27 53
21 24
12 33
30 44
13 25
24 51
27 43
19 47
7 23
23 45
11 25
10 11
17 33
11 16
3 10
2 31
24 38
23 51
26 48
11 19
25 51
5 18
12 27
11 21
30 55
1 4
9 12
3 20
18 23
21 33
4 26
2 29
5 29
16 17
7 33
30 31
14 18
6 23
11 19
26 36
2 29
4 6
29 36
18 26
11 19
12 18
21 34
25 43
29 39
10 37
28 37
20 31
5 30
27 42
2 24
16 19
10 30
5 13
18 32
8 36
14 33
26 30
23 43
13 26
29 51
10 36
23 52
28 55
23 47
11 27
8 26
18 35
7 21
17 41
20 44
14 17
4 13
28 46
28 39
1 19
2 12
14 30
30 33
12 26
27 41
29 55
2 10
4 12
14 34
24 27
5 12
27 57
7 31
18 44
26 44
13 33
19 37
5 15
21 38
23 32
30 43
4 5
20 27
1 26
19 35
27 42
14 29
7 27
9 33
7 11
3 22
23 36
29 57
22 41
6 20
27 32
18 40
28 35
20 40
2 32
5 25
7 25
5 18
29 34
6 11
8 38
15 38
12 25
12 15
1 18
8 27
13 38
2 4
23 37
21 37
13 30
28 47
26 28
1 25
6 34
20 25
27 32
19 27
17 47
2 12
16 17
28 49
17 39
22 32
5 10
17 34
13 27
28 37
7 27
24 36
18 32
9 15
18 45
14 40
19 26
5 31
30 55
16 32
16 46
17 29
4 8
20 36
9 26
24 40
7 17
19 35
23 50
21 23
16 42
27 31
25 49
29 53
18 25
9 34
6 24
6 15
13 38
24 45
4 14
6 8
19 44
17 20
13 42
26 54
25 47
1 20
7 29
12 36
28 40
10 13
29 36
3 6
24 42
24 51
19 48
20 27
15 21
1 29
26 52
17 37
10 20
30 46
1 12
2 22
15 26
22 27
10 26
8 11
3 4
21 43
21 23
20 48
29 50
17 41
8 11
14 31
12 25
25 29
16 42
23 45
28 34
26 55
21 46
1 17
17 30
7 37
14 40
27 39
8 21
6 14
15 26
24 43
15 25
22 44
27 34
13 38
4 5
23 48
25 41
2 6
20 28
3 7
25 54
7 32
3 7
2 19
14 31
27 48
27 38
12 35
17 34
9 29
17 41
6 9
9 16
6 34
14 22
23 24
28 50
25 55
25 51
9 10
12 17
13 43
15 39
23 46
10 33
13 31
16 26
21 45
17 35
14 36
26 54
14 37
11 19
23 51
25 48
20 49
27 29
28 32
17 29
26 45
5 35
6 26
10 28
6 24
6 17
9 32
30 45
7 18
22 51
8 17
13 40
7 17
20 46
13 19
30 60
24 50
30 52
7 8
9 21
18 24
14 32
28 42
2 7
24 40
25 48
24 32
19 41
9 17
17 38
5 21
12 33
3 14
12 22
3 15
21 41
18 23
8 23
10 11
19 22
16 22
25 26
13 18
22 43
4 5
3 11
16 30
20 31
17 18
20 39
13 23
1 23
6 36
6 13
30 47
9 17
22 47
8 34
21 43
16 40
22 32
24 53
15 20
9 10
6 34
12 22
30 42
1 28
3 31
4 6
14 18
1 28
21 22
22 33
22 29
27 40
8 20
11 34
16 36
23 44
9 35
22 30
29 51
5 6
20 50
25 50
3 28
22 45
17 30
26 34
12 34
12 31
3 18
11 29
26 52
1 5
21 35
4 24
6 36
20 37
29 35
3 26
23 47
8 17
7 10
17 27
24 44
28 46
4 5
27 56
26 45
25 41
3 31
27 57
27 36
16 33
14 32
1 7
4 12
15 17
10 33
11 36
4 34
4 12
30 31
28 53
19 41
3 24
11 40
20 49
7 34
15 28
7 23
18 28
15 39
3 28
8 21
11 23
12 27
19 23
7 15
28 53
30 60
8 10
21 40
1 20
16 23
1 15
22 33
23 52
4 29
23 35
29 54
23 25
9 12
5 12
10 35
2 11
24 25
11 17
19 22
25 29
9 34
9 32
5 6
21 22
17 22
12 19
29 33
9 39
28 41
6 13
7 36
16 39
29 47
20 38
20 34
13 33
1 23
12 17
14 16
27 50
28 36
29 56
3 32
18 48
4 19
7 9
14 28
24 36
23 37
21 25
19 45
23 42
9 14
16 38
28 40
6 32
12 17
14 28
25 48
6 34
7 19
30 50
17 32
24 33
20 26
12 21
1 27
19 20
22 26
23 43
8 28
7 26
16 28
2 13
4 33
8 10
10 39
22 40
14 21
26 29
4 33
3 8
25 39
27 43
17 36
27 43
1 26
4 20
28 56
26 49
26 52
25 53
24 32
15 22
6 17
2 11
1 27
5 22
9 11
3 21
12 33
25 37
8 37
28 33
18 33
20 33
10 24
2 28
13 30
24 42
19 36
26 37
13 14
28 41
2 24
22 35
12 29
17 28
7 21
8 24
20 47
20 50
2 24
25 39
30 48
23 41
5 15
28 37
10 35
13 16
8 35
8 28
5 29
22 33
7 36
18 44
17 24
17 35
28 31
23 50
13 28
6 15
25 51
17 43
12 33
21 41
17 45
1 22
21 43
23 42
21 31
6 35
17 32
17 23
17 26
25 54
16 38
7 9
9 24
19 40
6 15
10 32
6 8
5 23
23 50
6 11
7 11
4 19
18 30
12 38
12 40
25 44
12 35
20 40
30 31
10 15
9 20
18 25
12 34
24 51
19 41
23 40
25 43
23 27
29 55
29 40
16 39
21 48
8 19
16 23
11 29
3 14
28 48
17 19
4 15
20 34
2 14
22 40
30 44
21 41
1 20
22 38
4 17
4 7
15 35
9 26
7 18
27 53
22 28
27 52
16 32
8 17
20 49
26 37
4 12
22 49
26 40
12 33
18 34
23 47
27 50
10 13
3 31
28 45
3 20
11 21
24 35
18 23
9 14
7 12
12 41
1 31
12 16
12 33
19 24
14 21
27 42
9 31
12 41
8 23
7 17
16 38
12 38
27 40
30 33
17 21
23 40
25 51
12 18
16 39
2 23
29 50
5 35
12 29
20 31
23 49
12 20
9 33
3 30
6 31
22 36
20 34
30 36
10 13
11 28
25 30
8 32
25 37
23 51
28 40
8 20
29 40
12 41
4 18
26 27
30 39
14 25
22 27
16 39
8 35
10 12
23 32
25 42
20 29
14 24
12 25
21 23
23 25
1 20
8 26
19 48
26 51
10 27
29 54
2 30
13 24
30 35
19 35
13 43
17 35
9 37
30 52
30 45
15 37
3 17
9 22
13 17
7 21
12 40
8 21
25 38
15 31
9 12
2 16
25 35
1 4
7 8
16 44
15 16
11 20
6 25
21 39
14 34
23 41
17 18
30 41
5 20
27 32
9 29
18 43
29 48
20 47
19 24
17 42
27 46
3 6
30 45
12 25
4 9
30 50
27 49
23 46
28 47
27 55
30 45
23 43
3 15
8 21
8 24
29 34
5 28
29 33
7 17
8 19
6 36
22 24
21 35
24 34
24 37
7 30
27 48
4 25
2 14
25 27
27 42
6 29
7 33
26 31
27 31
15 18
3 10
26 41
12 24
24 30
24 54
20 32
21 45
24 38
5 15
15 38
24 36
16 46
29 32
26 52
6 17
20 50
9 16
14 34
18 25
17 20
29 36
6 17
30 59
24 50
8 9
10 33
4 21
14 17
20 30
20 37
20 29
17 37
15 45
1 26
7 17
19 46
16 41
7 14
23 45
24 47
14 17
15 33
12 41
12 13
8 9
17 36
1 26
30 45
25 47
1 24
1 21
19 35
14 39
14 42
8 15
20 42
2 29
9 22
25 45
5 29
12 25
4 16
8 11
18 20
24 43
16 33
30 34
24 37
20 28
2 29
6 28
18 25
10 28
11 15
7 22
19 37
28 50
21 26
16 25
28 29
27 40
17 43
8 19
30 57
10 11
23 38
14 17
14 37
20 44
18 37
9 15
28 56
19 38
2 6
27 48
5 20
25 38
10 12
23 24
28 52
1 13
1 8
14 28
29 55
7 16
14 21
14 25
4 7
29 56
28 53
9 11
1 4
15 25
4 33
2 25
15 40
27 42
1 11
28 49
27 53
29 39
25 30
13 33
29 40
9 35
28 45
20 48
12 38
30 45
16 17
30 60
17 43
6 23
27 52
30 54
13 33
25 32
24 31
18 32
18 44
2 9
5 26
26 42
8 33
22 45
18 39
15 19
16 36
13 26
7 11
28 47
23 45
25 34
29 33
22 30
30 53
14 18
5 14
19 31
26 36
27 32
23 34
8 16
22 34
12 40
15 24
16 24
23 25
16 37
6 35
28 55
22 25
30 56
3 13
8 36
11 37
24 49
6 8
3 22
5 11
17 29
7 31
19 48
18 44
19 34
16 24
11 18
10 12
25 37
3 27
2 7
19 44
30 54
18 20
4 19
29 41
26 31
6 12
3 18
1 22
29 37
28 29
15 44
2 11
3 7
2 28
8 28
20 49
5 35
30 38
14 35
20 29
25 42
14 42
23 29
10 31
13 43
21 40
28 42
27 49
9 29
17 25
1 8
7 12
28 34
5 16
18 34
11 24
2 26
10 26
21 32
6 31
10 28
14 44
1 3
21 30
14 22
16 30
6 28
11 36
20 35
5 12
22 37
11 26
30 42
30 42
23 28
6 30
14 25
23 37
13 19
14 40
5 26
1 3
5 16
26 42
17 39
14 22
28 53
22 49
6 19
30 50
9 14
14 36
8 36
27 47
3 5
7 14
23 30
30 49
10 35
4 30
16 33
26 39
11 20
1 10
22 52
28 58
27 30
22 26
1 11
15 40
12 25
24 50
19 42
14 42
18 35
16 41
3 14
8 14
19 49
14 24
22 25
2 12
6 21
13 41
24 43
22 27
1 16
22 33
8 13
1 18
13 21
11 27
18 28
13 41
10 28
8 31
20 21
2 19
15 21
14 22
24 52
5 21
12 38
18 29
1 11
27 40
17 25
20 24
9 33
2 12
11 12
2 25
1 4
9 24
8 23
14 37
12 30
8 23
14 32
26 32
27 49
10 24
21 43
9 31
15 25
1 27
2 5
18 20
27 45
8 13
2 24
19 24
9 28
20 34
6 13
11 13
20 33
7 18
4 20
2 12
17 41
27 46
26 32
12 35
24 36
19 36
25 32
14 39
25 50
9 31
1 12
16 36
23 45
22 48
29 44
28 44
9 33
26 52
30 59
10 25
2 30
23 49
27 33
21 34
22 51
5 27
1 21
12 36
3 28
11 13
10 18
9 27
24 50
13 28
16 39
21 39
12 25
13 21
11 14
13 15
23 40
24 48
28 55
17 39
21 40
15 45
19 34
9 21
10 32
26 52
14 30
13 30
20 37
25 47
20 49
24 28
15 24
19 23
27 54
17 26
16 18
1 5
16 25
15 33
30 32
13 18
9 26
22 42
25 33
12 26
6 11
10 22
5 33
7 8
25 48
9 19
16 17
5 7
10 21
19 20
12 35
28 40
1 12
1 26
18 30
1 16
8 18
18 30
29 45
4 27
8 13
24 48
5 33
17 31
8 35
7 18
19 23
22 33
14 37
5 28
26 53
29 33
6 22
7 34
23 26
19 49
7 20
15 18
2 3
9 19
27 42
20 27
18 22
17 18
18 32
15 28
2 15
8 38
20 27
26 38
9 23
3 10
18 36
9 29
10 27
29 58
1 11
27 37
13 19
2 32
11 27
5 17
20 32
11 20
10 16
12 22
20 35
16 45
24 49
18 21
3 11
23 49
18 38
5 27
17 24
22 49
14 32
8 12
21 40
4 5
24 40
10 15
22 48
4 19
12 25
9 15
21 23
1 31
13 19
21 50
4 8
17 26
21 45
4 16
12 42
4 32
15 28
24 52
30 49
12 15
2 14
9 23
5 14
5 14
6 23
7 8
21 36
2 5
9 14
14 26
4 13
1 11
22 47
7 20
5 15
16 22
22 46
11 37
24 39
5 27
24 27
22 36
18 33
16 34
20 42
29 44
30 52
17 30
16 39
26 46
25 28
18 34
18 38
3 14
27 56
24 44
24 40
25 28
22 24
20 31
15 25
18 33
23 27
19 27
26 32
20 32
8 37
19 44
10 32
28 34
12 33
17 22
28 39
29 49
13 23
22 49
20 29
3 15
12 26
12 42
19 42
11 30
13 43
13 35
13 15
20 36
15 21
21 25
9 20
15 28
21 28
9 11
7 11
5 16
9 17
10 37
30 42
15 19
3 23
26 41
13 20
1 20
12 25
23 43
15 22
2 7
5 8
6 10
28 31
14 20
10 33
24 34
26 27
5 34
12 42
5 21
6 33
5 15
1 28
21 37
25 40
20 42
9 27
25 31
20 28
3 32
22 40
30 39
18 23
7 28
26 30
7 31
30 41
25 26
29 44
8 23
21 48
6 35
6 28
26 51
21 41
16 20
8 15
13 30
11 22
8 37
14 20
22 28
16 24
28 34
22 27
20 33
1 19
3 32
1 30
23 45
18 48
25 42
7 14
4 21
18 21
7 30
8 36
28 43
27 52
20 39
29 30
23 45
10 35
20 23
15 19
24 49
4 14
11 13
9 23
10 28
8 25
10 25
6 36
29 32
24 34
21 36
3 8
28 32
21 30
6 34
12 33
22 29
1 3
8 17
8 26
26 41
4 9
22 23
4 16
3 23
22 37
26 42
11 34
19 21
1 18
29 33
7 19
11 18
13 23
15 27
27 29
19 41
7 17
23 25
13 30
13 39
2 10
11 23
22 44
5 27
8 33
26 40
6 34
13 32
7 34
22 48
29 39
9 36
11 34
20 44
10 35
19 22
2 24
6 22
13 24
7 19
5 29
25 36
13 20
21 41
26 30
7 23
6 21
4 20
30 45
1 2
9 29
3 6
3 11
18 33
10 26
18 25
10 22
9 31
11 40
3 31
24 25
5 34
8 16
15 22
22 29
7 30
26 27
25 45
8 20
26 36
27 40
16 44
17 41
12 39
14 28
16 23
7 27
6 20
27 39
12 22
18 36
2 8
18 36
25 42
29 50
18 36
25 28
15 26
18 36
29 30
24 38
30 60
3 30
13 34
8 32
1 18
3 27
14 26
4 13
28 52
21 37
11 26
10 28
18 46
5 21
20 48
30 49
27 51
15 16
15 29
16 23
23 41
22 28
29 54
14 33
19 45
26 47
3 8
8 28
24 29
27 41
24 42
24 37
12 13
13 31
6 35
24 52
8 15
4 11
2 11
17 29
5 17
2 31
8 10
10 12
6 12
7 36
24 46
11 38
22 38
14 42
6 35
25 38
5 33
11 39
29 56
9 12
30 41
23 31
12 14
1 10
29 36
29 43
28 30
2 14
17 32
1 23
13 38
26 44
15 22
7 20
25 41
7 24
26 55
24 53
22 38
29 41
14 41
26 29
28 47
14 20
4 18
19 27
1 16
17 24
13 37
19 48
9 26
15 41
15 45
16 44
15 29
9 37
2 28
1 31
15 21
5 15
12 28
17 29
30 34
18 22
27 55
2 7
14 31
22 42
8 15
9 32
20 29
12 33
27 31
12 23
10 19
12 25
24 52
24 39
23 26
18 37
30 49
15 20
27 33
24 29
4 28
19 42
2 32
6 34
4 13
30 35
9 20
17 19
1 3
8 31
4 29
4 29
6 24
29 31
16 30
28 47
7 23
4 12
16 17
6 17
9 14
7 25
8 31
11 19
24 43
30 49
13 16
13 23
13 24
12 32
24 33
8 38
17 20
29 31
3 29
4 8
1 11
13 43
2 25
7 24
3 31
5 13
23 40
17 44
19 47
16 28
29 44
3 18
18 41
8 20
19 30
15 26
20 47
10 23
12 28
21 35
5 30
21 48
3 33
23 44
19 27
24 41
23 41
23 25
2 32
13 33
2 30
30 43
16 25
17 44
16 23
3 16
23 38
9 26
14 16
29 32
1 15
11 26
1 5
16 41
25 54
14 33
18 24
1 4
6 24
22 44
16 32
4 5
30 34
17 23
27 43
30 50
29 39
4 26
5 17
16 46
10 31
18 37
26 36
13 15
19 45
15 20
11 21
5 8
13 26
30 32
28 57
21 40
30 54
10 15
5 22
26 32
7 12
16 19
14 43
26 51
24 34
21 48
19 44
29 30
29 57
2 29
18 32
7 24
8 16
21 25
24 40
2 24
12 29
16 42
7 18
12 35
20 22
19 27
18 35
1 17
6 30
4 27
8 18
9 16
17 39
2 4
29 32
24 35
12 21
28 46
12 21
10 11
10 38
1 28
6 29
12 15
16 24
25 40
17 43
13 39
9 24
27 34
17 29
17 45
21 27
8 32
14 31
24 39
7 31
11 23
16 31
15 39
22 23
30 60
18 31
25 51
27 49
25 30
3 6
3 18
9 19
8 30
18 42
7 31
17 26
6 31
15 27
10 16
4 13
6 28
21 51
9 26
13 16
14 22
6 22
14 28
17 39
27 53
7 32
20 35
26 43
9 19
20 30
16 39
19 32
6 15
4 19
18 27
9 10
16 22
8 37
11 27
12 42
11 29
24 46
3 22
8 11
29 56
13 19
12 35
10 27
1 6
23 33
13 37
2 22
29 30
19 29
8 30
9 28
2 26
10 14
5 15
28 53
6 16
22 39
2 3
26 51
27 45
26 36
11 31
21 23
12 13
3 23
23 26
8 32
26 35
19 41
18 34
16 32
18 25
24 35
29 48
27 53
29 52
27 28
4 21
2 17
18 22
4 6
28 31
25 49
4 9
7 20
20 43
28 57
21 35
10 22
24 30
29 51
20 37
15 38
3 19
8 20
12 15
13 22
28 57
24 25
3 26
13 28
15 18
13 40
16 38
30 31
20 48
23 32
14 43
2 11
14 15
12 29
25 42
18 40
15 18
22 32
25 30
16 17
29 57
20 26
12 31
6 7
9 37
9 23
18 20
22 24
24 50
10 29
12 31
10 28
22 24
19 35
28 32
9 27
24 52
23 28
16 44
27 51
18 45
8 13
29 50
28 42
16 24
2 29
18 22
7 16
27 52
17 41
29 54
11 33
22 25
18 47
22 36
23 32
2 24
14 44
12 23
6 26
10 17
8 36
10 24
6 12
1 15
21 50
8 31
12 41
17 38
28 37
4 16
17 22
25 47
27 55
3 27
17 21
30 47
1 3
30 59
29 59
12 24
20 40
4 27
10 31
13 42
21 29
2 31
5 31
21 44
24 47
16 26
26 33
26 45
8 26
17 46
9 37
10 31
9 22
13 24
25 51
9 24
25 36
6 35
6 32
21 50
10 38
1 6
5 23
15 19
5 6
2 8
21 32
26 47
24 32
1 11
25 35
17 37
12 34
10 27
17 40
8 34
20 50
22 38
17 46
20 34
29 50
19 30
2 8
2 19
13 15
26 56
3 15
11 25
25 37
23 34
4 34
28 44
29 41
1 8
10 30
20 50
11 41
11 15
5 17
20 38
5 20
9 17
19 38
13 26
22 27
16 42
26 39
3 19
16 19
23 48
15 27
25 50
4 31
28 36
30 39
17 21
23 48
3 6
5 13
16 43
12 35
14 44
27 43
15 28
10 17
7 31
11 34
18 32
19 26
21 39
15 45
14 44
24 40
24 45
23 24
17 44
23 45
26 46
7 17
24 32
9 31
2 13
15 26
16 41
18 24
13 37
5 23
15 36
3 12
11 29
1 20
6 30
10 11
5 13
2 30
15 17
19 35
12 37
19 46
20 48
25 49
21 42
11 39
3 8
28 41
14 42
23 42
13 37
11 28
1 6
6 14
28 45
15 17
11 14
28 50
30 44
15 28
27 44
2 31
14 43
4 31
18 44
8 9
20 30
9 21
6 21
11 15
1 27
5 8
20 44
25 37
30 31
24 50
10 35
24 47
15 42
11 13
15 25
24 50
20 23
7 24
9 19
12 13
27 35
25 41
2 13
27 28
12 24
18 31
28 39
5 17
30 37
6 12
17 38
1 29
15 44
14 37
30 48
15 41
25 35
12 38
20 50
18 41
4 31
5 6
8 9
5 34
8 10
26 50
22 40
13 20
16 34
21 29
5 11
3 33
7 13
17 43
6 33
19 28
23 38
1 23
16 21
12 27
28 35
30 50
16 28
18 20
29 37
1 27
5 8
25 36
9 12
29 43
21 30
14 28
23 29
27 57
3 12
14 44
7 20
11 34
16 44
16 23
28 44
2 26
18 36
27 53
20 45
1 4
25 31
16 25
12 24
9 23
20 34
5 24
19 35
11 15
5 31
10 34
11 22
18 38
20 34
16 26
30 38
12 36
14 33
24 49
22 24
30 34
8 12
22 48
19 21
29 45
27 28
9 38
11 29
18 19
23 48
2 24
3 8
7 23
15 16
2 8
24 47
9 10
26 56
18 25
1 18
22 41
17 39
9 28
10 37
11 13
21 25
16 31
30 44
22 36
6 29
12 34
15 35
22 25
12 22
1 5
18 32
23 49
5 28
6 12
11 20
8 10
4 19
8 12
20 50
9 35
14 34
17 46
2 32
23 36
1 24
8 18
28 50
27 29
15 18
8 33
3 10
18 24
13 39
1 3
25 35
27 35
21 26
28 42
5 17
18 45
26 52
7 30
17 20
25 48
27 51
18 47
22 27
27 31
22 49
27 43
28 44
16 27
20 25
16 32
17 21
5 17
21 32
27 56
5 18
22 46
6 15
14 33
5 15
14 41
29 39
4 30
17 28
28 35
16 30
14 38
9 27
5 26
20 21
19 36
5 15
10 20
10 33
20 27
3 6
25 26
5 33
18 39
9 25
19 35
21 24
9 38
12 17
11 35
28 57
10 12
1 20
4 6
3 26
8 13
18 42
27 49
22 29
4 26
14 37
7 11
17 24
24 52
11 15
21 51
24 54
2 26
10 15
18 31
19 44
9 15
19 25
19 21
4 27
15 32
15 28
20 43
19 24
20 41
8 11
21 22
24 38
17 21
18 22
16 44
20 36
4 34
13 27
23 39
6 13
2 14
19 40
4 33
17 33
12 36
18 20
17 28
15 40
6 30
28 41
21 30
29 45
1 12
30 53
27 54
30 50
9 19
3 7
1 20
19 31
13 19
5 26
9 20
15 29
26 30
27 35
4 21
16 20
27 42
27 42
11 29
5 16
19 26
15 34
17 42
22 43
23 41
11 12
28 45
6 21
12 36
23 39
10 18
11 40
14 43
5 21
16 25
27 32
7 10
15 39
27 56
14 33
16 33
11 17
25 42
12 19
10 14
14 26
3 19
10 26
15 21
2 32
15 35
26 39
14 17
28 38
23 27
21 29
12 13
5 11
17 34
4 23
12 21
22 37
25 48
22 31
28 43
8 12
4 30
9 18
28 34
19 39
1 10
19 31
1 17
10 20
2 7
20 25
14 25
19 27
3 14
16 46
17 32
4 17
2 6
21 50
9 18
10 12
9 30
5 15
6 12
11 40
11 41
3 27
10 24
23 35
16 24
3 5
14 42
14 30
1 28
6 8
27 35
25 31
20 49
7 32
5 22
15 30
16 25
30 47
22 44
20 27
21 35
1 5
12 18
11 15
2 19
5 34
16 45
26 31
20 22
21 45
10 15
30 47
5 34
3 30
20 42
25 35
27 44
5 13
23 39
4 28
24 54
14 23
21 30
13 23
2 5
25 36
29 53
19 22
14 35
21 46
4 12
26 27
24 54
30 46
15 18
2 32
3 10
8 31
16 36
24 41
14 32
20 24
3 11
29 45
21 40
10 26
18 45
8 20
26 56
19 22
2 14
2 28
19 29
10 36
21 24
4 31
12 35
30 44
23 51
21 26
9 31
12 38
18 38
29 35
19 29
8 20
21 30
30 31
10 19
26 27
4 34
19 26
14 32
13 41
8 11
24 32
17 23
25 51
17 41
1 6
3 11
8 23
9 16
16 34
8 19
10 13
2 22
9 17
30 51
5 12
16 45
6 30
26 56
19 31
23 35
8 25
11 26
2 21
14 23
29 50
11 41
15 28
20 43
12 31
6 22
17 30
6 28
28 51
21 29
4 10
19 30
22 52
26 41
10 11
23 31
21 25
30 57
8 19
19 38
21 37
26 33
20 44
20 37
16 18
25 45
7 12
30 51
4 21
27 41
17 37
13 42
23 27
25 47
14 20
10 14
13 18
2 27
28 41
11 25
15 42
25 38
24 48
3 22
3 33
2 13
11 18
2 27
10 36
16 32
23 48
19 47
21 34
22 41
25 49
24 33
13 31
22 28
3 19
24 51
7 25
8 17
16 25
3 28
26 36
10 29
4 25
16 33
3 10
5 32
22 42
28 32
29 40
9 10
18 21
28 45
12 17
25 52
5 25
21 51
29 52
10 35
5 22
11 40
15 22
17 24
18 32
10 26
16 35
16 42
13 18
12 36
9 37
20 25
17 19
5 13
16 22
2 22
23 27
18 25
10 15
13 32
10 33
4 30
3 22
21 36
24 48
8 32
21 40
29 59
12 37
29 57
30 52
17 31
25 52
21 47
23 48
14 16
9 26
19 30
27 28
25 45
24 48
6 13
4 30
28 44
20 46
13 24
9 30
17 20
17 24
20 21
23 48
3 5
3 16
12 41
14 43
11 40
14 30
27 45
11 27
3 25
3 10
24 35
27 37
5 11
8 32
6 7
10 40
24 36
5 10
11 21
25 46
8 17
28 55
18 48
12 24
21 36
18 32
17 23
24 46
3 26
7 16
23 40
30 46
28 32
13 21
13 42
20 33
29 46
1 17
16 20
27 55
18 24
4 31
12 39
18 32
11 35
14 18
10 16
11 41
9 24
29 43
6 25
18 22
27 45
20 25
21 29
2 3
6 11
27 36
23 29
14 18
29 49
29 30
25 26
22 47
8 28
8 21
8 25
16 43
4 31
1 18
27 29
17 19
29 34
2 23
10 25
16 46
4 18
22 50
7 20
23 37
3 25
18 20
9 34
28 32
22 50
20 30
22 50
3 23
2 6
2 5
18 36
3 17
23 39
11 32
29 54
4 27
9 22
24 33
8 22
12 41
3 27
30 46
13 15
5 20
5 34
9 31
16 27
5 35
19 27
21 38
24 40
1 3
29 45
10 16
29 43
26 50
29 54
9 20
26 40
17 47
4 30
13 32
28 38
18 34
9 39
2 4
16 18
26 40
18 23
11 19
10 16
1 9
22 24
19 36
7 12
8 18
30 42
28 48
13 20
5 26
7 14
23 37
30 48
27 36
14 43
9 33
4 5
23 40
2 5
25 33
30 32
17 38
5 11
10 28
5 20
8 19
13 35
24 36
1 13
13 28
10 31
30 35
21 35
13 28
17 24
22 38
30 31
6 10
6 14
13 23
22 35
12 16
4 31
7 12
30 49
11 12
1 3
27 49
15 24
28 29
15 34
8 14
19 25
2 19
13 27
26 30
26 56
29 51
26 31
26 52
24 52
26 42
29 52
7 20
23 49
6 14
15 28
5 30
10 16
11 33
20 49
17 24
28 43
28 43
20 43
2 7
12 32
20 30
4 23
23 49
14 34
25 53
2 32
15 27
5 22
25 41
15 27
23 27
26 46
11 26
5 17
19 35
1 10
26 30
19 29
22 24
29 45
22 44
15 21
25 37
22 42
27 56
1 20
24 50
9 35
3 16
8 21
20 50
13 28
26 27
16 33
3 17
2 26
6 15
21 51
20 24
11 19
24 35
27 37
29 56
5 6
1 5
5 25
26 44
27 48
18 30
29 41
18 40
27 42
30 47
6 17
13 30
19 25
19 26
15 32
25 37
9 34
15 29
6 16
1 3
22 32
6 26
14 29
12 22
29 32
19 23
6 7
12 28
28 29
22 27
17 33
16 34
2 24
1 8
2 25
1 16
24 52
5 12
12 20
17 27
2 7
5 34
5 22
14 16
17 44
6 31
4 17
12 17
5 17
4 10
26 30
12 32
1 17
26 38
15 19
13 22
8 25
7 11
25 46
6 17
17 20
28 41
8 17
17 29
13 33
9 17
15 35
19 34
28 35
18 30
10 40
12 30
9 28
21 24
1 19
6 15
13 16
21 41
3 11
23 38
19 20
15 19
20 45
10 27
1 29
21 32
19 43
20 39
12 14
22 34
12 31
21 37
13 16
5 20
10 37
22 43
19 47
24 32
14 17
17 32
22 51
17 20
22 50
21 47
21 25
29 31
14 25
17 43
14 27
3 18
1 17
5 24
5 33
19 37
23 50
24 30
25 35
8 16
29 50
3 23
24 48
21 29
4 34
3 20
12 39
2 7
12 18
23 39
26 29
4 14
29 56
15 30
29 44
15 42
5 14
16 44
2 31
27 33
28 50
22 23
18 33
27 49
21 33
7 15
14 16
9 14
21 44
19 38
29 32
7 10
4 19
23 28
13 24
10 12
2 26
24 36
8 29
3 23
24 25
27 34
3 8
11 26
20 42
3 13
16 17
13 32
15 42
24 43
7 32
12 13
18 24
12 38
18 24
15 26
6 10
9 39
30 50
14 33
3 11
29 47
1 4
7 22
21 43
4 23
16 31
19 23
12 34
29 50
19 24
23 48
8 10
16 24
13 35
18 33
21 29
24 45
2 32
6 28
13 14
3 32
7 20
2 13
5 27
1 24
26 42
9 35
17 34
3 24
8 20
5 33
12 32
11 24
12 20
27 51
8 37
22 28
11 26
8 15
6 15
30 54
16 46
19 21
16 29
22 45
16 34
13 40
7 22
10 20
22 50
4 25
26 51
26 54
2 28
5 34
26 52
22 33
25 27
12 15
6 31
25 47
4 33
18 20
13 32
12 38
16 31
16 27
1 5
9 11
29 34
1 25
30 44
4 20
16 23
18 39
23 28
12 30
25 47
19 49
10 40
25 51
6 9
28 35
6 34
30 56
2 24
11 34
6 12
1 14
4 22
25 51
22 51
13 22
20 43
8 29
23 25
16 36
26 32
18 19
3 13
18 45
1 29
11 39
25 36
10 38
29 34
15 27
3 22
20 34
12 39
4 30
21 33
15 31
17 20
9 28
12 30
7 11
8 26
2 4
28 31
30 56
29 35
30 53
25 44
6 12
8 10
1 21
13 20
27 56
9 14
9 21
15 31
8 30
3 12
23 53
3 17
18 20
12 29
16 22
27 49
11 15
23 26
23 50
9 29
25 35
16 19
13 43
10 30
13 25
20 48
4 27
11 32
16 30
29 30
19 44
14 35
29 57
23 36
24 48
2 12
3 13
13 28
9 31
27 49
26 42
19 40
30 51
3 18
27 28
8 23
25 38
6 21
11 31
20 46
13 34
6 13
22 32
14 15
23 33
14 32
17 41
30 47
6 8
23 25
2 32
9 28
13 27
25 40
25 39
10 40
27 34
28 46
16 27
10 19
12 35
18 47
8 26
15 21
19 48
7 20
29 44
23 26
20 37
17 24
23 41
6 25
25 28
28 38
6 14
10 27
22 42
15 45
29 50
5 22
20 23
21 31
10 23
4 33
22 34
27 41
29 31
24 39
27 48
17 19
20 46
10 22
7 24
3 8
7 36
14 32
1 5
19 29
9 31
1 23
3 30
27 29
21 41
8 17
2 26
10 32
12 23
25 43
27 54
23 49
25 31
13 30
1 3
27 36
23 42
22 40
15 33
19 46
29 55
5 28
12 18
14 37
17 47
10 23
26 50
8 20
29 42
28 50
6 22
22 50
4 18
15 26
1 26
7 37
13 17
22 38
9 36
8 25
26 35
22 35
3 32
24 47
3 16
14 22
29 35
28 30
19 23
4 15
29 40
2 5
6 21
18 24
3 20
23 43
25 39
2 21
4 21
12 41
30 55
6 26
22 25
21 23
7 32
13 40
27 33
21 45
21 29
29 52
16 29
13 23
18 24
29 51
15 17
20 26
26 43
25 35
20 35
11 37
1 16
14 33
21 25
12 23
3 6
25 43
15 44
19 22
27 44
16 27
18 45
16 22
13 23
15 39
16 33
11 20
2 26
19 41
19 20
24 45
25 43
8 17
9 36
3 8
5 15
15 30
6 28
12 23
23 41
4 34
4 11
30 57
30 49
18 29
11 14
1 6
13 14
13 34
19 27
17 40
17 40
29 52
14 24
25 53
27 47
27 28
26 53
27 45
7 14
28 45
1 21
21 34
20 45
25 33
2 13
23 34
3 24
25 33
23 42
27 46
30 54
11 37
12 42
5 23
28 30
26 54
21 37
3 6
2 29
10 36
30 54
6 30
15 45
24 31
10 30
17 26
5 33
26 42
27 57
25 49
23 43
21 27
27 42
30 51
4 13
16 19
3 16
18 27
4 15
7 12
23 46
13 40
20 21
5 13
22 43
1 8
11 25
4 33
20 23
19 42
3 29
25 30
8 13
5 8
7 18
7 36
4 16
18 33
12 34
15 40
12 27
1 15
20 24
5 15
28 51
2 3
11 30
5 23
15 17
21 42
12 31
12 19
30 59
14 17
12 40
28 51
4 24
29 45
16 19
17 30
25 43
13 18
28 38
15 19
11 38
25 39
7 13
13 20
26 52
9 16
15 43
21 39
18 37
25 28
21 32
7 15
29 49
4 22
21 31
22 23
28 36
6 11
5 23
11 41
5 16
28 39
1 19
21 39
7 22
12 31
26 44
26 42
29 59
3 22
1 17
11 40
15 24
3 14
18 23
2 25
15 44
3 18
17 40
24 39
8 35
3 28
15 36
10 15
12 24
16 28
20 46
10 36
4 8
7 29
8 16
6 29
29 59
29 44
15 38
21 35
19 34
8 33
27 44
22 30
20 27
12 13
24 45
27 47
25 50
3 5
2 32
16 46
29 44
6 11
29 47
10 19
25 42
26 47
25 42
29 36
15 25
7 15
22 47
19 27
19 40
2 15
20 37
4 15
23 25
15 28
19 44
22 35
3 12
4 24
17 41
26 27
25 49
30 38
19 38
16 45
9 26
11 32
25 32
1 11
8 15
14 40
23 28
1 19
5 31
7 28
19 21
21 26
25 46
12 17
9 36
4 13
5 11
29 51
12 33
23 34
28 34
29 49
3 32
7 14
24 29
28 32
6 16
8 31
22 33
27 49
8 30
1 5
20 41
17 40
12 21
4 5
15 17
12 29
30 41
15 30
15 19
10 23
14 31
27 32
19 42
27 45
7 26
22 48
9 39
18 30
9 22
4 19
14 30
23 28
18 25
11 13
11 31
6 30
28 30
20 37
17 25
4 27
26 43
10 37
17 36
30 55
2 6
1 8
11 34
12 40
29 51
21 22
12 39
16 25
28 34
17 31
5 26
28 51
7 14
19 42
26 36
9 28
5 14
25 40
23 29
12 26
20 45
14 37
21 51
1 11
27 37
24 25
30 43
23 29
20 23
21 28
13 34
25 34
22 33
24 38
9 36
27 55
21 32
20 23
2 14
13 41
21 49
20 40
10 23
18 39
7 37
27 38
20 33
20 31
24 37
17 19
1 14
21 35
15 25
16 32
13 41
5 9
17 42
15 42
29 53
17 22
23 29
16 21
18 23
7 10
9 32
4 5
28 44
14 18
25 55
12 42
19 35
3 31
2 11
24 54
3 5
5 22
7 19
13 38
8 28
19 27
4 19
8 31
30 52
27 44
13 21
16 39
15 25
20 37
18 31
16 36
7 19
29 42
15 26
29 51
22 40
29 47
2 31
10 11
20 48
9 33
27 51
16 28
3 9
28 49
10 15
2 18
9 31
21 44
3 22
7 23
6 33
3 32
25 30
22 28
2 32
29 58
24 39
2 20
20 41
8 29
17 19
29 54
23 42
10 27
7 23
3 8
4 31
3 32
1 25
4 29
24 49
23 32
9 25
26 46
6 32
10 32
19 27
9 12
26 44
12 37
25 31
29 49
2 3
18 43
17 31
19 21
8 19
2 10
18 45
27 50
14 42
6 30
28 34
27 42
15 23
9 18
13 20
29 35
30 38
30 38
13 31
1 13
20 22
19 26
20 35
21 47
5 24
19 21
24 39
8 9
14 31
9 27
15 44
24 30
29 44
13 24
3 8
23 37
6 17
13 39
18 43
21 35
13 22
15 44
16 38
29 58
30 59
9 24
20 22
12 30
8 25
20 30
21 25
16 43
15 43
14 38
22 48
7 34
26 39
17 20
26 33
24 50
27 29
2 18
25 38
25 27
29 36
4 24
10 29
8 32
16 29
9 38
30 37
17 42
19 22
28 43
9 22
10 16
14 17
13 21
15 45
9 15
6 10
17 32
22 38
1 30
28 37
28 55
16 30
13 39
9 11
10 27
14 25
14 41
13 32
26 46
18 45
25 48
30 33
29 51
18 47
12 19
8 17
25 40
15 22
10 33
9 21
1 15
22 29
3 30
25 53
8 12
16 40
18 34
26 42
29 34
15 25
11 25
11 16
20 37
11 40
1 12
2 25
17 33
29 48
12 27
8 19
18 42
4 31
9 38
13 42
3 30
30 35
2 12
9 30
18 29
19 37
14 35
11 41
6 7
18 27
16 41
19 44
10 24
22 40
12 16
8 14
22 30
2 25
9 19
13 40
12 35
14 39
5 21
16 18
17 42
2 26
12 32
18 39
3 4
1 7
26 34
3 12
15 41
1 25
5 10
20 29
20 45
25 49
11 22
18 37
27 46
12 20
1 22
29 54
22 51
1 10
28 53
18 31
21 31
28 45
15 24
17 21
3 15
19 24
14 20
23 33
25 51
10 35
17 47
19 49
28 39
30 55
28 45
29 47
27 53
26 37
26 39
6 35
16 40
25 46
30 40
22 38
27 28
10 15
30 50
4 23
1 5
6 34
12 38
7 15
14 38
10 19
6 13
29 42
23 39
3 25
25 50
29 50
17 25
26 35
27 48
27 46
16 40
8 36
12 18
27 52
30 59
3 30
27 51
10 29
9 13
2 27
20 50
15 22
7 9
15 41
15 18
6 36
19 33
19 49
19 27
24 34
6 24
7 31
3 19
13 24
11 25
5 6
14 26
7 19
13 26
29 48
7 12
19 44
10 39
16 36
6 7
30 33
19 25
27 48
13 22
24 47
22 42
15 42
1 22
9 15
25 32
24 26
11 15
18 30
3 7
2 10
4 27
3 17
20 49
27 51
29 49
16 28
9 32
9 11
13 22
29 59
15 29
1 19
18 36
29 41
13 35
19 36
6 19
30 55
11 37
18 27
7 33
13 21
18 39
9 31
29 58
21 26
12 25
22 43
1 14
2 15
26 39
21 23
25 46
26 32
8 14
6 21
1 19
22 40
30 52
1 21
20 42
25 26
4 12
22 48
12 27
1 31
27 40
1 23
3 21
27 38
23 47
17 32
4 12
24 27
29 54
15 33
8 17
10 13
8 31
21 41
8 29
19 23
25 36
17 45
28 33
30 43
29 45
19 43
15 28
18 31
29 31
22 28
10 11
30 48
16 36
29 44
2 11
10 37
19 46
16 24
1 16
20 41
22 23
14 20
13 37
18 21
25 26
8 13
23 30
14 22
27 31
14 34
12 36
16 46
12 13
7 11
7 26
25 53
19 49
3 26
23 35
25 43
4 28
14 41
30 49
4 22
22 40
8 33
3 18
24 38
16 38
17 39
10 13
20 40
25 39
12 29
18 24
26 47
29 30
17 38
11 24
30 32
22 29
26 42
14 25
29 58
3 10
20 24
10 11
24 28
7 12
12 28
3 33
28 29
30 37
13 24
11 24
4 6
11 33
17 41
24 31
22 48
13 17
30 52
26 49
17 41
19 48
1 22
28 57
14 33
27 53
21 28
30 55
30 41
8 24
4 5
14 32
19 45
13 23
10 40
2 20
24 36
8 32
25 30
14 22
16 26
25 31
16 41
22 37
5 34
22 52
22 49
17 27
15 36
19 35
21 33
3 17
15 26
29 38
7 12
16 38
14 17
28 50
27 46
28 29
10 30
22 23
16 17
2 32
21 41
15 26
23 33
16 23
20 35
16 42
19 42
18 42
25 32
15 28
25 38
13 17
24 51
26 27
27 54
23 40
8 37
20 50
8 13
29 48
11 17
15 44
20 44
15 30
22 43
27 35
25 27
12 30
20 49
19 35
26 29
24 49
1 14
17 26
18 33
27 55
12 15
19 20
18 21
7 16
15 41
17 27
19 39
27 35
10 17
15 42
9 17
22 24
21 29
2 32
14 34
27 44
23 38
17 19
9 25
3 27
11 22
3 24
30 51
28 29
20 24
28 48
11 30
21 44
18 40
22 45
12 31
9 35
25 42
27 53
2 23
11 15
1 6
24 46
17 30
23 29
8 28
26 45
30 46
11 20
8 33
23 34
5 6
6 35
9 33
16 19
15 33
6 21
22 44
7 16
26 47
6 10
10 11
14 15
9 25
9 17
10 11
18 32
23 38
5 28
8 20
25 47
30 53
29 42
6 33
21 22
17 44
26 44
19 28
18 45
17 35
4 30
10 31
2 26
5 33
16 21
9 20
18 26
25 41
21 51
12 15
22 42
21 39
7 17
18 42
28 54
11 13
22 34
14 29
5 16
12 33
15 35
23 25
20 29
10 20
8 21
4 33
3 28
8 17
26 44
25 48
13 18
24 50
9 39
2 15
10 23
25 41
25 34
9 23
17 27
15 39
23 41
15 40
4 18
25 54
23 42
22 50
16 23
15 39
6 23
6 13
21 44
14 29
1 24
28 46
2 6
3 19
22 31
10 27
23 28
16 23
23 52
4 12
27 46
23 48
27 48
1 18
13 20
2 7
29 50
22 44
25 42
8 16
25 34
24 33
5 6
16 36
29 40
19 37
21 33
12 29
2 6
4 10
10 37
10 40
17 41
22 25
10 31
10 36
21 25
27 53
26 38
7 32
14 39
12 17
28 43
13 34
18 26
26 54
4 32
27 40
21 31
7 29
22 39
9 22
12 17
30 37
8 14
23 45
22 48
18 38
10 40
2 30
8 36
17 20
17 30
7 14
23 37
20 34
22 50
18 43
3 20
23 33
14 30
23 29
3 13
17 30
2 20
2 3
7 25
25 48
30 32
21 35
7 17
20 48
30 37
22 24
16 22
3 32
21 39
4 28
27 39
28 48
30 59
20 26
8 23
29 36
8 19
13 27
21 45
3 15
22 38
13 20
21 28
28 32
24 47
19 32
5 21
2 6
6 20
1 14
20 49
11 38
10 25
2 24
8 12
3 33
11 18
28 29
5 22
4 33
10 32
3 17
29 55
9 13
9 18
8 36
30 49
16 17
3 20
22 25
12 28
2 24
14 35
15 33
8 26
8 17
2 12
14 36
28 50
18 24
22 47
26 47
5 16
13 21
28 54
2 11
11 14
23 39
15 22
4 18
16 19
22 31
5 10
1 3
18 36
29 39
4 28
22 31
5 10
8 32
30 39
24 27
3 19
18 27
22 35
23 31
16 30
8 20
11 19
13 41
17 28
29 42
27 40
13 14
17 37
16 24
20 29
10 32
17 37
22 30
2 16
7 16
20 35
12 42
14 38
19 42
27 45
5 20
30 47
7 15
28 50
7 24
30 47
30 38
