24 26
4 23
24 54
14 43
25 41
12 42
3 15
25 29
24 48
22 23
16 35
28 46
27 36
9 29
12 14
5 32
3 4
8 26
30 51
8 24
6 25
7 37
22 23
3 18
16 32
8 10
4 31
19 41
5 24
12 21
21 37
5 20
16 28
25 32
2 4
14 43
13 34
28 32
13 36
11 32
8 26
22 26
14 16
25 43
21 49
18 21
6 29
9 22
4 7
20 48
27 52
18 19
15 31
4 24
8 22
10 17
23 24
10 16
24 29
16 22
24 49
8 37
17 26
12 25
3 26
2 31
17 36
29 53
4 29
13 16
30 52
2 25
14 25
20 49
7 34
5 6
22 26
21 51
12 14
12 27
16 29
13 38
24 28
18 37
20 42
14 25
5 20
25 43
25 32
8 32
3 15
16 32
16 22
16 43
30 49
11 26
24 40
9 26
11 29
5 27
9 27
2 15
2 21
22 41
25 55
4 31
3 22
5 23
24 44
7 30
8 17
30 53
16 46
9 35
10 16
9 27
15 26
23 32
21 27
27 42
27 49
3 33
10 17
9 34
18 33
10 28
16 17
10 11
30 41
19 28
16 43
19 49
29 32
8 27
30 56
3 30
9 37
26 44
4 30
5 27
3 17
9 27
14 24
18 23
20 26
6 11
25 49
27 50
18 44
4 21
14 42
5 27
25 55
2 23
18 24
4 24
19 31
7 31
21 37
28 31
14 17
7 15
18 43
22 27
21 38
14 40
15 33
17 18
10 28
21 48
15 39
16 19
27 41
26 36
29 45
12 24
18 28
11 17
5 8
2 19
11 26
12 37
25 53
18 22
8 16
22 44
24 53
17 29
12 16
21 23
19 43
6 13
4 20
12 42
10 15
16 37
20 47
15 29
16 40
9 32
2 32
7 24
20 43
28 51
18 29
24 31
4 33
5 12
15 23
6 22
12 25
6 29
9 22
28 53
6 12
9 38
27 42
15 31
29 34
8 17
15 39
7 25
22 33
17 45
10 24
14 35
27 38
14 19
23 34
21 42
9 31
19 24
28 54
13 32
30 42
27 41
27 30
23 34
5 14
8 22
15 28
26 37
16 17
7 37
12 40
20 32
11 20
8 16
4 16
26 51
24 46
8 20
16 38
22 42
1 23
25 40
26 47
17 28
21 44
11 35
12 42
5 27
30 35
30 55
16 41
19 20
9 27
13 37
10 14
6 16
25 55
16 37
12 14
23 26
16 19
18 46
25 48
11 27
19 21
11 15
27 56
5 32
17 34
12 38
12 21
27 34
1 5
19 31
27 30
6 18
6 30
1 23
8 12
7 33
5 22
29 52
8 33
19 35
3 26
3 18
1 22
13 14
24 47
13 25
25 43
15 37
3 11
13 23
11 23
27 42
20 46
8 35
12 30
4 19
10 38
29 40
18 21
11 14
25 40
14 25
25 46
3 30
28 43
29 37
26 51
22 30
20 41
4 28
9 39
8 18
27 55
20 35
30 53
9 25
7 30
26 27
13 41
28 30
5 23
9 31
12 34
29 53
5 30
17 30
16 40
14 26
13 39
18 22
18 45
19 35
11 17
17 32
26 32
16 46
23 39
13 17
7 11
19 30
28 33
15 20
28 57
16 18
16 42
5 8
22 45
18 42
21 47
30 46
23 30
15 22
22 41
3 31
22 43
1 12
26 33
15 30
5 28
17 29
18 39
14 23
6 30
24 50
11 34
11 15
29 46
10 30
27 39
9 28
25 26
21 41
8 14
4 8
28 40
16 31
25 54
15 45
14 22
17 42
22 49
28 40
5 34
23 24
3 26
11 38
24 26
8 9
7 10
4 30
15 26
10 19
2 18
30 45
15 31
9 15
4 32
9 39
19 20
30 51
23 26
9 17
4 20
8 10
10 14
19 43
14 42
24 31
5 28
22 41
30 52
16 19
12 36
2 32
16 40
12 20
18 30
8 29
19 34
14 42
10 12
14 30
21 50
22 47
14 19
5 18
27 47
8 38
5 6
21 41
24 26
19 30
5 31
23 46
3 31
12 24
21 46
19 30
16 19
27 56
7 8
11 36
12 22
24 40
11 25
27 53
7 23
29 40
11 24
25 30
11 18
9 32
23 50
4 12
29 51
6 34
15 24
22 48
18 26
4 24
21 51
16 36
7 21
30 40
26 51
14 42
23 45
21 36
11 27
15 24
7 27
6 19
20 40
9 39
27 31
19 28
25 29
28 30
9 37
11 16
14 38
24 30
8 22
12 30
29 55
26 54
8 32
10 37
5 15
26 27
5 20
9 39
10 17
1 20
26 37
15 16
26 34
6 9
22 31
20 32
5 13
1 13
23 26
8 35
4 30
19 28
2 21
8 19
25 33
21 33
10 15
12 17
5 14
30 56
18 29
29 51
10 32
25 27
24 26
20 47
19 27
5 25
19 23
23 36
3 16
17 29
10 38
9 23
29 59
1 17
10 31
29 41
12 35
13 18
16 41
24 51
24 44
16 28
24 54
17 43
13 16
30 44
22 52
27 39
21 48
27 49
9 26
3 24
9 25
25 42
2 12
13 38
30 50
29 52
20 35
10 34
9 10
7 29
22 25
4 16
21 51
4 33
9 15
11 28
13 41
25 31
7 14
23 29
19 40
20 28
27 49
1 6
14 21
26 32
1 30
9 22
21 25
3 24
2 16
29 35
11 35
12 29
22 26
15 25
24 50
17 37
9 26
16 39
15 18
20 27
2 22
19 33
24 38
4 29
27 29
30 59
17 20
7 16
6 27
18 39
9 36
2 19
5 14
1 21
12 24
18 23
2 9
18 35
20 33
3 11
6 8
6 29
27 39
23 47
25 35
15 40
28 36
3 6
9 35
14 34
7 8
24 54
7 10
16 34
7 25
17 29
12 34
26 34
26 44
1 13
20 27
6 23
7 37
19 34
25 27
26 50
3 22
23 24
13 14
11 30
18 37
30 51
11 29
28 56
5 26
1 25
19 47
3 20
27 48
23 37
15 33
7 16
6 35
1 19
29 40
6 15
30 58
29 31
15 34
21 32
1 22
27 46
18 47
28 34
19 39
19 44
8 33
3 16
16 42
23 37
6 26
14 41
9 22
20 35
1 3
26 27
14 36
11 12
20 28
29 59
28 45
17 22
12 23
9 36
6 29
2 6
5 21
22 35
20 24
28 48
5 20
12 31
6 20
11 28
22 31
8 19
26 42
7 36
27 34
17 19
30 48
27 31
25 44
16 30
22 27
25 51
19 47
6 22
12 29
24 49
25 49
5 17
9 12
10 37
9 35
21 29
6 23
3 33
5 16
6 24
15 37
14 40
20 39
11 34
27 54
17 31
12 25
25 37
15 20
9 24
22 51
23 42
15 40
19 31
5 21
29 41
7 11
7 25
15 24
2 13
27 37
24 32
22 33
20 48
7 27
5 33
18 45
17 41
13 40
27 37
4 30
13 15
21 32
12 17
19 32
8 16
23 46
15 21
3 29
26 35
15 45
29 53
26 33
18 48
3 17
1 29
1 14
29 43
23 33
18 22
23 40
11 18
10 27
12 24
13 20
13 32
6 17
13 36
17 39
15 26
27 42
30 50
28 56
3 15
30 50
15 29
7 24
20 28
4 5
19 27
8 9
18 23
3 33
28 39
13 25
21 31
18 38
29 44
10 11
19 28
12 37
14 24
12 15
17 24
25 31
6 30
28 51
29 52
15 33
3 30
21 37
28 36
5 31
15 21
18 21
6 36
19 38
1 31
13 31
28 36
15 40
1 13
18 39
26 50
30 59
12 32
14 24
20 30
27 31
16 31
28 49
6 22
2 8
8 22
23 28
13 20
30 36
11 20
26 32
24 42
26 31
7 16
6 32
19 22
21 47
9 27
16 30
26 35
19 22
23 27
7 12
2 30
2 6
28 56
2 23
15 42
26 39
6 29
1 17
25 46
11 14
1 19
8 34
27 46
28 39
22 48
7 22
16 25
19 32
28 48
4 8
16 37
16 29
13 21
28 58
29 59
2 31
10 20
24 52
28 41
8 19
8 14
25 48
14 27
6 9
24 25
6 16
13 27
14 31
21 33
16 27
3 21
1 13
19 43
9 17
28 36
18 24
14 18
20 39
9 26
22 24
17 36
3 24
24 41
8 15
20 43
17 39
2 12
26 46
3 7
19 20
4 10
28 45
2 19
27 37
4 14
11 23
29 35
3 17
22 32
20 31
24 53
24 50
8 27
7 9
15 41
24 42
23 44
26 50
30 52
25 50
2 8
6 28
3 33
5 29
1 18
26 51
7 18
12 26
22 40
7 13
5 6
15 35
13 15
5 9
23 53
28 52
27 53
7 36
17 29
14 32
20 29
4 30
19 34
1 11
24 31
7 28
29 42
10 14
14 28
29 58
5 24
14 15
14 35
29 51
24 28
9 22
12 24
30 53
18 48
24 28
28 51
24 43
5 8
22 33
8 20
9 22
30 44
5 10
4 30
27 46
29 34
1 12
9 31
25 43
13 31
21 32
10 24
21 28
8 12
17 33
15 32
20 35
30 54
19 45
19 34
14 32
12 19
20 32
28 42
29 40
1 13
13 24
25 28
17 20
6 31
10 22
3 32
26 28
14 21
27 30
21 24
12 36
9 10
5 11
14 40
8 22
7 19
16 17
6 30
25 36
18 44
23 35
16 26
14 44
16 18
24 53
4 9
22 34
5 24
10 28
14 23
1 21
21 30
12 38
2 31
29 41
24 37
23 33
22 50
9 39
30 54
28 53
28 39
7 9
29 37
19 31
16 27
23 51
11 16
16 29
3 17
16 42
18 48
27 28
28 55
30 49
20 47
13 30
8 19
18 46
18 46
10 36
1 3
15 26
28 58
15 45
5 35
18 32
30 44
15 34
3 17
29 51
3 14
9 19
14 32
7 30
16 24
18 26
2 27
18 47
16 19
21 42
2 10
26 49
13 23
3 18
24 25
7 33
4 11
27 44
16 41
9 32
25 44
30 56
13 31
16 44
20 26
10 23
5 11
28 46
15 45
24 54
23 45
17 35
28 33
4 18
22 26
6 22
14 20
3 29
15 25
16 20
16 33
8 20
22 27
29 58
27 50
20 31
14 43
28 32
3 26
9 25
18 32
23 25
11 28
19 44
27 53
20 24
13 41
15 41
24 38
16 36
28 34
30 33
26 45
28 48
11 17
6 35
12 40
22 36
7 17
1 4
6 26
6 16
9 29
5 8
25 38
22 36
10 24
9 14
24 52
24 29
26 47
25 32
11 19
20 37
17 29
19 33
2 18
23 33
27 47
12 26
2 28
19 30
1 28
7 31
17 47
28 40
13 27
18 41
21 50
9 39
11 30
5 9
4 24
13 35
9 26
5 7
4 28
4 8
12 14
27 55
23 40
1 6
22 40
27 40
9 14
4 15
15 23
14 24
27 45
2 29
26 54
20 49
13 28
2 27
16 45
14 23
7 22
13 41
24 34
2 26
6 11
26 47
5 14
30 31
19 42
20 34
21 30
5 8
24 30
19 28
26 29
9 11
9 31
22 46
23 46
10 38
28 33
10 12
14 24
24 48
2 7
29 43
14 17
17 46
9 14
29 55
29 37
20 49
29 40
15 36
3 27
10 32
28 48
15 26
21 22
26 40
5 30
28 38
19 25
8 27
10 17
15 16
6 10
29 55
14 19
8 16
28 45
22 48
28 34
28 46
6 30
2 5
10 31
12 40
26 38
17 44
18 41
27 42
26 44
10 11
22 39
8 20
3 32
7 8
27 31
10 34
19 22
26 54
23 53
18 28
11 15
7 27
18 43
4 17
4 17
5 23
29 41
29 52
3 30
15 36
30 47
14 33
19 21
8 12
23 48
13 16
20 31
14 21
28 45
19 20
21 44
10 21
27 57
25 46
26 36
3 29
26 34
6 20
1 14
9 32
8 30
17 36
2 32
26 47
16 22
22 50
21 44
8 17
23 26
21 39
4 27
5 34
30 40
4 5
15 28
23 45
26 36
2 21
1 28
10 27
25 48
6 21
15 29
15 44
16 21
17 36
27 40
9 35
23 27
26 33
16 27
20 31
12 33
22 34
10 11
20 24
23 49
10 39
1 25
28 36
28 34
26 42
18 44
11 13
29 58
30 37
1 12
9 21
2 32
15 18
22 27
28 42
22 29
5 27
22 46
29 40
29 45
26 34
11 39
10 11
26 27
7 33
12 28
29 34
7 21
7 36
18 44
4 5
24 32
22 37
23 43
25 46
5 17
21 28
9 39
29 34
22 28
22 25
13 34
7 18
26 31
9 14
30 35
5 28
4 30
29 56
7 30
17 20
4 33
1 14
20 49
9 21
4 26
14 22
4 25
19 48
17 36
3 20
23 52
9 36
24 54
23 45
22 23
24 42
30 54
22 41
23 45
22 40
13 19
18 35
18 46
7 11
16 26
12 13
8 21
19 43
12 15
15 40
25 26
12 28
24 49
27 35
16 34
18 39
23 50
29 31
24 29
6 7
14 31
23 37
21 32
7 9
13 26
27 57
13 43
15 44
25 36
28 30
29 36
22 43
3 23
23 41
25 45
19 49
28 39
13 32
14 25
12 30
16 24
17 37
8 10
18 20
12 20
25 27
14 31
15 24
28 57
26 48
18 24
22 29
9 35
17 39
29 58
1 15
6 24
25 30
11 16
28 42
12 35
16 33
9 39
25 31
28 41
20 27
18 21
13 31
28 58
1 19
20 22
23 48
11 29
30 51
22 41
26 51
11 22
11 30
2 30
17 38
10 16
27 46
8 10
7 34
23 52
15 27
30 59
28 38
16 35
22 51
8 26
23 41
20 46
29 51
15 30
12 28
20 21
4 23
2 4
15 39
1 22
27 49
12 36
2 21
13 28
18 30
2 4
29 51
19 46
5 8
11 19
18 40
8 22
10 19
15 32
24 31
7 27
21 39
14 28
7 25
28 44
29 59
9 28
13 41
16 25
30 48
16 34
10 34
1 20
24 31
27 45
6 10
7 33
13 25
9 20
21 27
18 29
27 54
30 31
16 31
9 24
2 19
24 27
10 26
14 17
23 33
12 32
5 24
15 25
22 37
12 25
12 42
15 16
18 32
23 26
28 52
17 39
10 13
16 27
18 47
13 23
9 34
21 26
5 32
14 32
11 37
22 37
25 32
15 19
20 27
6 16
30 44
23 24
16 24
11 15
7 31
5 12
10 36
11 17
22 39
23 48
12 19
9 37
13 28
1 25
21 27
3 16
11 28
13 40
25 49
30 53
9 35
21 31
21 22
15 20
9 38
21 41
5 34
17 26
5 14
3 28
6 33
29 46
14 26
13 21
27 31
22 27
29 41
14 26
4 24
8 21
18 46
2 17
18 29
23 45
19 36
8 25
14 21
3 30
10 17
26 32
10 27
10 40
20 35
3 26
4 14
5 18
29 58
19 27
1 5
21 32
20 49
27 52
27 56
13 19
5 13
11 17
16 28
6 11
26 34
20 41
10 26
25 55
14 28
8 22
17 45
17 45
18 31
23 37
4 9
11 41
5 26
6 18
24 27
9 20
2 30
1 4
13 31
3 22
1 11
24 33
29 39
28 45
23 35
22 48
9 12
25 38
15 37
24 33
16 18
19 37
21 33
20 46
29 43
14 35
23 30
21 35
17 35
22 23
30 43
26 56
7 19
12 26
26 53
22 33
21 23
20 31
13 23
6 9
23 34
23 31
18 31
13 39
23 27
26 40
8 21
13 20
24 40
20 31
12 23
22 46
4 15
27 44
12 36
19 46
5 9
26 40
8 16
9 39
3 7
5 7
16 33
8 9
24 51
4 10
29 54
21 46
27 44
11 12
11 32
19 34
16 30
28 52
13 41
15 22
1 13
8 16
28 36
30 44
26 29
19 36
19 20
11 19
18 39
8 36
3 21
4 15
23 46
4 9
20 30
3 15
21 23
19 30
9 19
24 29
5 9
21 44
4 5
22 43
13 34
10 17
8 21
17 47
5 17
26 50
22 50
5 17
30 45
14 22
17 24
4 25
2 18
5 11
16 43
18 38
17 45
27 52
2 7
16 45
17 29
22 30
9 28
11 41
25 50
30 41
23 26
23 48
19 47
22 48
24 33
16 18
28 32
26 48
8 20
20 44
15 18
23 38
13 17
15 23
20 26
10 22
30 33
28 46
30 49
6 21
20 33
16 33
8 12
30 45
7 26
1 22
22 45
5 9
18 29
3 10
16 21
19 35
7 15
25 53
27 49
4 20
4 15
24 27
14 38
18 38
12 22
2 27
2 31
21 33
1 16
18 35
19 47
24 41
6 16
14 16
24 33
9 28
20 44
22 25
17 18
15 36
10 18
7 10
6 33
14 21
12 36
15 45
21 51
17 35
1 23
11 35
1 20
13 25
5 31
6 27
26 46
3 8
20 30
29 54
28 41
23 32
28 35
1 19
6 15
28 57
22 30
22 36
19 45
25 48
21 22
5 21
12 20
12 13
9 20
18 24
15 25
7 19
17 46
21 35
7 25
12 32
18 44
4 32
21 41
20 24
12 28
19 43
15 38
16 39
3 6
21 30
5 24
20 41
17 19
26 41
12 42
4 33
25 54
26 33
19 26
10 32
22 43
7 36
13 36
21 28
17 20
15 36
21 25
3 32
27 56
13 21
20 29
28 42
29 52
12 21
21 35
1 6
4 11
3 11
29 44
14 22
10 38
28 58
23 24
21 40
21 24
27 37
3 27
15 17
9 27
10 31
1 3
25 51
9 28
3 32
26 42
6 11
13 17
26 31
26 42
16 32
11 15
17 30
27 28
6 33
18 26
10 21
9 35
6 23
15 24
8 10
24 37
6 35
8 9
25 50
9 19
2 21
13 31
1 3
10 39
20 48
6 35
8 22
25 30
23 24
13 43
2 31
4 11
27 39
29 50
6 13
23 31
25 52
17 35
28 55
16 26
16 29
8 23
26 28
19 37
2 4
9 34
30 43
1 19
24 54
8 29
28 50
20 35
19 26
2 10
25 34
17 27
21 38
24 32
18 30
18 30
5 31
6 10
30 59
21 36
20 41
6 23
4 21
1 15
15 39
22 31
24 54
18 24
16 19
14 40
15 38
7 18
10 14
15 25
2 29
24 37
9 30
30 43
30 52
18 32
8 9
15 16
1 3
29 45
27 31
3 6
26 27
13 18
5 24
6 34
16 46
11 27
12 14
20 31
15 23
17 39
8 9
15 45
24 37
8 28
16 26
22 25
11 38
29 44
15 20
4 34
26 40
8 37
7 34
10 32
26 44
13 39
18 37
25 28
23 25
23 53
12 18
2 24
2 3
28 45
27 50
8 22
29 36
12 17
26 39
26 47
30 31
16 25
19 22
12 16
4 30
3 18
23 28
28 45
27 44
25 40
10 34
28 36
1 10
4 30
14 44
8 21
22 46
14 16
26 43
5 26
4 12
28 54
4 29
12 34
4 32
6 11
22 47
12 34
3 10
17 25
28 52
21 40
9 35
13 39
12 29
17 32
16 30
2 13
30 36
2 5
3 32
7 31
23 33
7 25
9 32
25 31
9 16
17 26
2 31
5 10
7 20
11 34
18 31
25 42
18 45
12 24
17 27
6 16
12 24
27 47
27 40
25 52
20 31
5 18
1 2
18 26
5 33
22 44
2 18
9 28
4 16
23 44
21 49
22 46
1 19
13 32
30 60
7 18
2 6
24 27
26 37
2 3
30 53
22 24
30 52
12 38
25 29
16 32
23 30
9 25
16 30
4 11
13 16
18 24
6 17
8 9
13 14
23 35
23 38
5 20
28 45
10 33
20 37
30 43
15 45
28 58
5 28
28 45
25 40
15 37
17 39
15 36
23 30
25 32
13 42
13 16
15 37
25 30
8 24
9 31
7 13
13 25
20 31
20 27
17 21
28 54
18 30
8 10
11 13
8 31
1 22
25 32
4 15
11 23
18 29
25 50
16 46
6 34
2 19
4 14
21 22
27 35
5 10
9 16
6 14
29 57
20 36
5 29
18 25
27 33
18 31
30 55
12 39
22 27
5 22
7 32
18 21
24 38
7 31
20 25
24 34
24 37
17 37
6 11
19 43
10 38
7 8
22 32
19 25
7 30
22 35
10 11
15 18
6 20
19 36
10 22
27 30
24 37
23 45
9 12
7 17
30 35
10 23
15 35
18 31
5 7
25 39
24 25
8 38
14 32
16 39
29 33
18 33
17 19
28 45
4 8
27 30
9 15
15 30
18 43
27 41
18 31
27 38
13 39
2 29
14 24
19 23
13 19
10 31
7 14
8 10
3 7
4 7
1 12
17 27
27 32
23 29
17 28
8 37
7 17
25 37
11 17
7 22
3 20
6 8
23 28
3 20
30 59
19 41
1 28
2 29
1 25
24 41
27 28
8 33
2 26
6 18
29 41
27 51
20 44
25 38
28 47
21 40
17 27
10 27
6 17
5 34
27 55
15 38
21 35
17 39
8 22
4 32
17 39
21 28
7 14
11 37
26 27
14 18
10 33
13 21
26 35
6 28
29 41
6 25
26 40
10 13
27 32
30 43
18 31
19 43
19 40
19 25
22 24
2 3
17 23
30 42
14 19
25 37
17 47
22 34
13 15
6 7
28 55
5 21
9 33
1 29
14 34
25 52
13 39
28 57
1 20
10 17
24 28
10 12
25 27
13 20
25 35
7 21
6 18
21 36
27 49
4 6
11 31
21 44
16 26
14 22
28 51
6 27
19 35
22 35
9 35
20 23
27 45
8 11
21 50
9 18
20 32
3 33
23 46
14 44
2 29
8 37
12 25
12 42
20 45
12 40
21 44
22 39
3 33
11 26
28 47
24 41
22 40
8 23
10 23
14 17
2 15
23 36
18 22
12 19
29 44
27 38
30 40
19 21
9 39
16 44
18 19
6 8
10 15
8 27
18 31
13 32
26 32
1 6
1 5
3 32
10 39
9 18
9 37
2 11
19 37
7 35
10 22
29 49
17 45
30 56
11 16
14 42
10 16
2 12
1 5
1 11
3 4
11 14
20 32
11 19
21 30
6 7
13 39
12 41
24 27
16 20
7 28
1 17
26 28
18 36
27 37
19 48
10 39
23 53
3 7
7 30
4 8
15 31
30 56
6 21
29 50
18 45
11 21
5 33
3 25
15 44
1 27
20 22
16 20
1 19
29 59
11 14
3 28
18 42
13 37
8 11
6 23
29 46
18 21
14 26
16 37
3 11
8 30
10 33
17 19
11 27
1 22
18 44
7 34
11 30
12 31
21 39
27 39
4 19
14 23
26 56
21 49
29 57
11 19
13 41
10 33
5 7
5 27
19 30
10 40
22 44
18 30
9 15
15 19
20 49
4 12
20 37
27 45
6 36
18 36
27 54
10 11
20 34
14 23
17 40
8 16
6 23
19 33
22 48
9 13
24 37
11 16
29 58
14 18
28 29
14 38
19 42
16 25
29 50
17 32
6 22
22 33
2 4
25 40
27 30
18 30
7 27
8 35
19 41
23 39
22 28
2 5
20 29
11 29
30 49
24 29
4 19
15 42
9 10
3 30
26 39
9 33
2 18
21 33
29 42
28 41
18 39
15 22
29 54
17 37
5 15
24 54
17 18
26 51
23 43
21 31
2 23
4 8
29 53
15 42
6 10
9 24
24 47
21 36
9 38
4 17
9 29
12 37
12 41
11 15
19 20
14 26
14 31
15 27
2 24
30 59
17 26
13 24
23 48
17 19
24 44
6 8
9 19
18 38
8 36
16 34
20 49
22 25
7 13
6 14
19 25
6 12
6 16
8 36
4 28
21 40
5 24
20 34
28 57
25 52
26 36
7 23
30 58
10 38
25 41
5 19
21 23
11 37
3 13
15 44
25 53
17 38
16 45
4 9
27 48
1 24
30 59
30 52
26 35
19 40
24 40
26 32
9 37
23 35
29 37
10 25
27 53
5 9
24 25
8 29
21 51
5 17
29 55
3 19
4 18
28 48
29 44
17 24
4 14
10 12
9 28
8 13
7 20
30 52
5 12
4 29
28 36
28 54
25 48
4 33
6 7
10 36
8 34
24 35
27 31
5 32
14 26
23 43
16 38
4 24
20 27
6 24
7 11
5 6
18 26
21 36
1 23
10 18
10 13
18 24
28 42
3 15
18 43
23 26
17 43
23 29
3 23
15 24
15 35
1 3
27 49
16 35
13 30
26 48
12 18
20 29
19 41
20 26
8 21
1 17
8 23
14 16
4 32
10 29
17 28
12 18
24 44
24 52
6 18
20 37
17 18
18 45
22 29
25 46
11 36
7 26
9 21
20 24
1 23
22 40
24 50
15 24
15 45
6 18
11 28
29 48
17 25
16 46
14 16
21 46
26 45
5 31
22 38
29 51
7 20
1 23
8 23
30 52
7 13
3 12
14 37
28 29
30 35
30 36
6 18
30 53
22 48
18 31
11 27
27 45
28 55
1 28
4 5
18 28
28 41
18 29
5 12
3 30
11 36
2 10
28 51
30 50
18 35
24 52
25 45
7 21
9 17
3 15
30 50
13 40
24 54
29 50
7 9
17 26
18 28
17 32
2 10
4 15
17 37
8 19
1 8
16 25
14 32
12 17
30 54
23 46
16 29
5 19
14 35
22 23
22 52
16 39
8 19
3 27
22 25
26 49
9 12
23 37
21 26
10 22
20 22
26 31
14 15
10 30
13 37
12 17
23 42
19 41
30 52
15 28
16 18
5 29
5 33
29 46
24 32
28 41
9 24
10 24
15 34
3 23
12 27
24 51
25 37
18 34
25 50
29 39
26 29
25 55
22 45
8 23
30 35
20 50
12 41
14 32
9 17
7 20
14 44
1 10
12 30
24 52
4 26
8 38
17 19
21 29
17 46
15 23
25 29
8 36
24 37
16 40
12 34
28 54
22 50
26 51
8 19
22 33
25 46
2 13
15 30
10 11
5 21
8 29
19 26
19 23
11 15
20 43
25 42
10 18
15 42
24 46
7 15
24 47
28 54
3 7
10 15
4 10
20 24
26 27
2 16
26 39
9 24
5 31
2 8
3 11
2 29
29 59
26 48
23 46
9 26
19 29
21 43
15 18
17 20
3 22
8 28
23 40
5 24
12 40
24 30
5 22
24 49
16 35
8 16
4 21
17 39
18 25
5 30
1 23
27 52
2 6
15 39
20 31
12 35
8 35
21 33
13 27
28 56
25 30
28 56
13 27
11 12
12 27
17 22
28 41
29 50
16 29
14 42
23 40
12 34
13 15
25 42
8 30
7 9
27 31
21 22
9 32
23 35
7 16
16 43
21 36
17 46
19 42
18 22
9 30
25 39
23 43
30 52
11 17
15 44
1 28
22 23
19 33
13 38
15 43
13 18
4 34
25 48
14 18
18 32
25 37
27 36
1 20
30 34
16 22
24 41
2 17
17 37
21 42
6 11
19 38
9 23
10 36
28 51
29 44
6 29
27 52
1 20
13 35
22 42
27 35
6 34
22 37
9 21
5 20
16 31
25 42
29 33
4 22
18 20
3 18
17 38
9 18
9 22
1 24
3 22
30 60
9 22
6 23
17 28
23 25
17 34
10 17
12 25
25 46
7 26
6 21
9 15
23 32
11 26
1 14
26 48
4 8
27 37
12 25
12 17
6 26
13 21
27 44
12 25
7 25
1 13
24 25
10 27
9 29
23 33
24 42
23 50
21 40
28 31
23 24
29 58
21 24
6 23
19 36
21 47
27 48
29 49
21 51
28 49
19 40
30 42
8 23
1 22
25 53
15 33
29 42
8 19
15 28
19 45
21 30
13 30
21 32
29 32
3 29
23 44
16 39
25 41
29 54
6 29
14 34
2 6
24 33
14 22
13 15
25 29
10 17
12 42
10 12
2 14
28 53
2 7
9 27
20 49
12 29
13 39
6 21
21 50
15 20
29 49
6 29
23 31
22 48
29 30
28 51
4 21
9 14
13 22
15 40
7 33
11 22
13 22
25 29
29 31
8 35
21 26
12 17
4 29
22 25
25 44
25 53
27 52
24 34
3 11
4 5
26 32
11 41
14 20
3 16
29 31
1 12
29 33
15 17
28 34
26 40
17 29
3 8
6 25
14 22
26 35
8 21
7 26
13 25
16 23
24 30
9 26
16 45
12 42
30 40
27 53
15 28
7 25
18 23
6 29
4 27
24 36
6 36
22 32
3 32
16 43
26 42
5 16
14 30
2 16
17 45
1 3
3 32
11 23
3 19
4 11
8 27
10 15
10 33
14 27
13 35
1 9
7 12
18 39
12 23
26 47
8 34
14 16
16 40
13 32
9 26
17 25
27 45
5 12
10 20
19 41
1 20
29 37
15 23
20 38
18 33
8 25
2 23
19 28
6 7
19 33
9 14
14 20
22 40
4 27
27 49
6 26
2 28
27 35
3 11
17 29
22 39
29 44
29 46
23 28
17 29
10 28
8 31
23 45
2 28
14 35
9 21
10 12
7 13
1 11
5 22
13 39
3 14
2 4
19 35
6 34
27 42
15 42
30 59
18 19
16 39
21 37
4 34
17 28
27 44
12 13
25 49
18 46
27 38
21 36
27 45
12 27
2 20
11 34
16 44
24 47
13 19
8 24
6 30
18 42
2 23
25 44
7 11
8 11
15 43
9 20
15 36
17 25
30 58
1 17
17 33
8 37
21 37
7 25
1 25
12 37
7 35
13 26
1 21
15 22
9 32
9 24
5 31
14 19
23 37
12 13
21 40
30 42
26 32
29 48
21 23
5 32
29 38
9 31
20 35
28 56
30 37
4 8
2 19
8 24
23 34
16 29
30 37
16 33
4 11
27 52
8 9
13 20
1 15
28 48
20 37
9 28
23 35
23 39
29 51
1 14
3 12
25 49
15 18
2 21
9 38
5 21
21 30
14 28
22 25
3 7
20 32
22 26
23 29
20 33
20 32
25 47
20 32
7 34
14 22
15 37
28 47
29 40
27 32
24 35
29 47
6 16
29 56
14 28
25 50
18 32
28 33
5 15
16 19
6 27
2 22
4 34
30 32
2 20
28 45
20 47
4 29
6 31
22 33
30 46
27 44
29 54
21 46
4 32
19 28
18 38
20 33
11 30
15 27
6 10
20 46
30 46
20 48
10 13
30 39
10 37
17 47
21 51
24 40
27 31
24 31
24 29
11 15
23 40
8 28
21 48
15 27
12 39
1 14
21 22
13 14
27 57
30 39
29 45
24 41
19 28
15 27
5 31
16 43
12 27
16 40
3 26
6 21
11 17
19 20
6 8
1 25
1 2
24 45
8 25
29 55
17 31
8 29
1 16
9 13
29 46
28 29
1 4
7 18
30 56
3 31
19 45
21 40
18 33
1 26
23 52
20 22
12 39
14 18
3 18
8 9
1 6
24 25
29 51
3 23
9 14
17 44
30 60
15 32
6 21
11 39
6 7
21 30
19 46
13 27
11 31
6 17
16 45
3 9
13 18
25 46
9 13
18 19
3 27
17 25
1 21
27 33
12 22
14 36
6 32
5 21
7 18
18 32
1 21
11 24
24 52
4 28
1 22
24 49
6 9
24 30
14 26
11 36
21 38
16 34
4 17
3 6
23 35
16 39
1 20
6 22
16 17
10 18
13 38
24 42
19 36
24 26
20 46
26 37
4 8
28 36
16 39
10 18
26 43
22 49
5 24
12 24
19 32
11 12
8 12
11 37
12 38
28 30
13 28
12 29
18 19
24 49
15 40
2 13
11 27
29 37
4 6
19 42
15 45
15 29
25 50
1 8
12 32
8 33
5 16
11 25
11 37
9 27
20 22
28 50
17 35
29 50
19 37
5 8
9 20
8 11
28 37
1 10
28 36
25 49
18 23
8 29
22 30
8 19
9 36
3 21
14 15
30 32
10 36
27 37
6 10
5 8
12 17
4 6
5 33
25 47
25 27
12 28
1 12
27 29
7 28
11 23
13 23
6 29
5 7
24 26
27 47
27 36
25 55
10 39
27 53
12 25
20 36
29 49
26 43
21 46
7 8
6 25
2 5
3 31
4 23
30 31
8 34
1 3
25 27
22 35
27 31
26 42
19 35
28 34
2 20
30 38
11 39
18 22
30 51
2 28
9 10
18 34
18 28
10 14
11 12
8 37
26 29
15 21
10 14
12 23
21 24
18 41
22 28
27 41
18 46
9 35
20 38
3 10
27 39
2 31
5 14
27 57
4 7
28 41
6 7
24 43
3 6
3 20
8 29
30 47
10 40
4 33
9 16
27 32
18 46
25 39
7 20
6 16
16 19
22 35
3 10
23 50
10 36
5 14
8 12
26 44
25 54
16 19
5 10
29 44
24 47
20 50
6 31
1 14
19 34
17 30
21 31
2 32
27 33
1 5
2 28
21 47
16 45
21 34
25 44
19 37
4 12
10 11
25 27
5 18
16 37
18 47
22 41
28 38
24 44
6 23
15 33
13 36
8 33
5 7
5 20
12 20
22 35
30 38
14 18
13 43
17 47
28 58
18 35
2 5
29 36
20 25
24 48
27 51
18 41
25 47
7 35
22 43
10 31
28 44
17 27
15 40
1 5
24 42
12 37
21 31
23 25
15 24
25 28
2 14
26 44
25 49
16 32
14 31
29 33
2 17
13 21
1 7
3 27
23 30
11 16
8 33
6 28
3 25
17 21
3 15
22 50
5 34
5 16
15 18
14 31
9 27
16 25
23 42
25 41
25 30
12 14
21 31
16 40
1 3
27 31
5 15
23 24
8 27
11 34
22 38
1 23
4 20
1 27
26 51
3 23
21 28
22 33
16 45
4 20
30 53
11 37
2 27
26 28
14 43
16 43
14 22
18 35
15 33
5 16
4 33
30 46
5 18
27 39
11 33
28 30
6 14
19 27
25 40
1 9
5 13
4 22
15 28
27 56
23 24
9 35
21 30
4 22
13 43
29 45
13 39
17 36
26 32
18 38
12 30
19 35
25 39
25 34
26 47
29 39
13 21
28 32
8 9
21 33
30 49
27 39
7 13
22 46
3 12
13 27
26 49
21 33
6 21
12 35
28 39
3 13
18 48
13 30
30 55
28 49
6 31
24 36
22 38
5 29
24 33
29 41
1 20
23 51
25 30
20 42
15 37
24 48
13 41
10 22
23 52
24 44
23 41
1 15
3 30
29 47
27 54
29 48
7 29
16 40
18 45
7 9
11 41
17 40
28 46
5 17
16 44
1 2
7 30
6 15
11 16
19 26
23 40
17 47
30 54
23 40
20 49
10 40
21 47
15 33
5 24
29 50
8 37
13 20
13 31
15 38
14 39
29 36
12 19
28 39
30 50
20 31
10 39
3 33
17 34
9 30
27 56
11 37
19 42
2 3
3 20
23 39
3 16
14 28
19 30
17 27
22 28
21 45
4 27
15 35
9 33
11 16
22 35
30 33
28 30
3 33
10 28
7 19
30 43
18 37
23 27
20 27
9 19
30 42
2 8
24 26
29 55
6 19
8 36
7 12
21 30
26 48
26 51
3 21
7 19
28 49
15 32
27 42
27 45
19 47
24 36
22 36
7 34
18 24
16 40
3 9
25 45
19 39
14 28
7 19
25 29
3 13
21 42
24 33
1 5
28 44
15 34
21 34
8 17
19 42
24 37
21 39
2 11
30 46
22 28
19 28
2 15
10 24
26 29
22 40
29 48
3 16
30 45
26 33
23 29
29 38
18 29
26 45
12 29
26 29
23 30
3 19
19 31
21 35
7 11
1 6
14 39
17 30
10 14
19 43
1 11
2 12
20 40
29 52
6 22
18 38
22 42
27 30
2 19
16 24
20 29
12 16
3 23
8 12
24 51
28 44
28 49
26 35
2 18
2 10
1 20
19 34
8 24
17 26
2 26
8 22
24 43
9 28
9 25
22 46
4 23
9 10
2 28
10 13
11 22
2 6
21 42
10 38
6 32
29 58
11 17
4 9
17 29
23 40
20 26
10 33
17 27
24 42
6 31
20 28
27 49
11 28
4 24
6 15
7 11
29 39
2 5
6 24
14 42
4 7
3 8
18 29
6 17
28 31
27 37
11 34
23 36
9 35
3 17
26 27
10 34
10 21
26 41
20 22
4 19
4 33
19 32
9 33
23 52
27 46
8 37
3 33
11 22
17 22
17 29
6 24
5 12
20 43
22 31
24 41
23 42
15 18
2 18
18 34
14 20
5 26
4 33
12 27
2 30
19 37
1 17
27 32
23 39
27 33
16 28
22 52
1 30
2 4
14 33
17 36
17 30
1 21
12 16
26 39
23 38
22 45
30 40
19 41
25 41
27 37
19 30
9 28
9 11
12 26
12 41
2 30
3 27
18 24
27 32
10 29
19 42
3 14
2 23
24 42
28 41
27 44
23 50
5 28
20 37
28 30
7 28
21 22
14 44
7 9
5 13
20 35
1 23
25 27
4 15
12 14
23 53
18 25
27 41
21 29
22 40
1 21
8 30
21 34
21 40
14 31
26 51
2 28
8 26
20 31
28 29
12 24
30 51
10 28
5 35
18 44
9 27
8 24
9 37
20 42
16 41
8 19
19 28
29 55
19 29
29 45
2 4
28 51
23 30
3 22
29 49
6 13
7 20
15 23
10 14
29 46
29 57
20 29
29 47
27 44
19 44
24 44
26 47
4 14
20 26
28 38
25 29
16 40
16 46
1 27
26 47
4 20
10 33
24 32
2 14
16 36
6 16
1 25
22 27
3 14
2 3
12 31
4 32
12 23
19 23
6 12
16 26
13 38
24 53
25 51
10 20
7 15
19 27
1 12
4 29
13 40
17 42
15 27
14 40
23 47
21 41
30 36
21 33
23 38
10 27
10 22
18 34
19 48
15 26
1 11
5 10
7 29
21 42
25 29
9 26
20 41
7 26
19 46
22 33
11 35
19 31
5 33
20 43
26 30
3 29
6 35
1 5
12 33
16 23
17 33
23 29
7 36
16 33
18 47
19 47
22 29
2 28
4 25
10 32
16 20
9 30
3 12
24 38
22 32
20 50
25 30
27 50
25 29
9 21
2 29
2 18
25 28
11 32
23 36
12 20
16 36
21 39
21 35
24 28
15 20
25 35
1 22
24 50
16 19
29 46
21 51
2 18
2 7
6 22
9 18
16 40
28 34
4 14
19 38
5 9
23 52
5 21
11 31
11 37
22 31
5 10
1 29
20 44
2 27
10 20
25 50
26 40
30 51
24 34
9 37
5 28
19 20
8 37
21 39
25 29
19 48
8 27
26 45
12 32
13 26
21 50
29 37
13 33
28 34
22 28
25 51
21 34
19 47
12 13
8 36
4 30
18 22
6 11
22 31
16 43
14 21
25 37
14 21
24 28
4 19
1 22
2 23
3 15
19 25
12 30
25 33
5 9
11 21
9 11
10 34
20 43
22 37
27 55
13 33
1 10
26 49
29 56
14 37
9 33
21 33
11 26
19 26
19 48
16 35
23 40
4 16
10 36
18 46
23 46
17 32
1 5
7 28
22 34
5 35
27 52
4 11
2 24
13 25
21 41
30 35
7 10
8 16
20 46
5 9
10 23
18 20
16 33
22 29
20 46
29 46
13 37
15 29
15 35
25 30
9 33
1 8
18 27
6 14
26 36
11 16
14 35
6 27
29 48
20 38
6 16
4 22
3 22
1 18
8 33
14 22
10 24
15 35
22 34
19 36
22 43
13 40
11 29
18 19
28 35
19 23
8 30
21 31
2 24
26 35
8 9
9 19
15 30
29 57
26 35
7 16
29 48
6 8
29 44
2 28
13 25
29 49
4 16
29 56
3 19
28 30
17 23
11 34
20 21
12 19
1 19
16 46
29 50
1 20
5 29
6 15
6 11
28 29
8 26
27 29
3 19
3 14
21 27
3 5
28 43
9 38
24 48
20 34
6 26
2 4
5 13
10 20
4 11
2 13
24 53
4 22
14 20
29 56
3 26
20 21
29 57
21 44
13 23
28 46
21 51
19 44
29 49
27 29
26 54
4 15
18 25
29 53
4 31
12 19
19 20
29 47
21 32
2 5
12 41
13 15
20 43
18 36
13 19
11 19
4 10
19 32
4 13
6 14
5 22
6 21
10 36
24 54
28 53
2 11
16 30
2 7
7 26
23 42
25 50
18 38
1 29
24 28
6 36
3 5
8 16
9 26
25 27
16 38
27 37
22 34
15 38
16 37
12 42
1 29
25 36
9 26
8 10
12 18
23 38
29 52
14 21
9 18
9 26
22 49
18 32
8 10
6 21
15 24
7 22
28 51
25 53
1 26
30 42
22 36
26 46
6 8
27 34
10 15
15 38
1 3
28 58
3 29
6 15
4 8
24 48
26 36
21 47
26 38
8 25
26 51
7 8
26 51
7 34
29 50
12 33
14 23
12 21
4 21
17 47
13 23
23 31
12 25
26 55
25 50
16 28
11 25
12 19
8 19
25 53
23 29
10 17
7 28
15 25
29 30
9 20
3 26
11 17
6 34
26 48
14 17
3 27
16 22
22 37
16 25
4 5
14 27
29 49
25 38
22 38
5 27
18 47
15 35
26 46
17 39
3 33
24 51
16 18
2 9
8 18
15 27
10 31
16 24
2 5
12 35
18 26
15 20
29 50
17 41
10 13
7 11
25 26
30 32
24 47
30 31
24 31
12 15
27 47
2 22
22 27
5 6
5 16
27 52
1 14
10 12
8 25
5 29
9 35
25 27
10 34
24 28
30 36
28 46
17 39
8 38
26 30
30 52
14 40
16 30
1 27
15 23
4 23
1 13
6 31
5 20
10 38
18 28
25 41
19 30
7 25
10 34
21 22
8 12
27 50
17 44
10 33
26 39
3 29
16 24
12 32
23 44
18 20
22 26
9 20
15 22
20 36
23 34
17 47
6 11
14 29
1 17
7 25
20 30
13 19
17 41
25 26
6 10
25 45
8 11
22 36
2 13
21 45
13 20
15 34
11 31
3 6
5 14
12 37
18 42
30 57
9 25
19 26
12 25
26 37
8 25
24 33
27 41
24 34
13 21
20 35
27 49
10 34
22 43
18 20
7 16
20 27
16 24
13 40
13 21
7 27
16 38
20 33
28 33
14 24
4 7
16 38
16 33
15 22
8 32
8 14
24 51
12 22
27 52
6 15
24 37
20 30
26 27
14 37
5 32
24 32
21 31
21 27
26 54
12 37
21 33
30 45
8 20
24 28
28 49
4 25
25 48
30 51
23 36
13 40
1 30
26 47
8 17
26 51
6 14
12 30
11 22
24 34
14 23
6 17
30 39
2 26
2 25
6 22
6 17
5 33
9 39
19 27
30 36
24 29
5 10
23 38
16 32
25 54
17 47
10 26
8 11
1 2
25 32
17 39
9 30
20 37
12 42
16 20
5 14
8 18
14 36
16 37
30 40
11 27
1 13
23 24
14 37
1 2
21 30
22 51
21 24
15 40
24 54
28 49
1 28
30 44
11 18
26 28
17 23
17 34
18 19
17 40
23 33
23 37
10 17
12 13
1 20
17 42
10 24
7 17
2 8
15 27
4 6
13 33
8 29
29 46
21 28
9 15
8 32
11 29
22 36
10 32
24 50
8 12
1 15
5 7
11 23
6 21
13 23
26 46
23 39
28 41
15 44
10 32
22 42
9 14
26 36
18 37
5 31
22 27
1 20
29 33
30 56
10 22
5 32
24 51
13 34
2 29
19 22
10 12
15 26
6 16
20 44
28 53
11 23
21 24
30 41
6 27
6 21
2 13
4 21
29 45
8 38
4 22
25 38
20 29
23 48
18 31
10 17
29 49
18 37
23 32
22 42
29 56
27 28
29 59
17 45
15 31
19 29
4 17
22 37
13 28
1 31
19 30
7 24
22 38
27 41
25 43
26 49
7 29
15 20
21 45
24 51
9 14
6 10
9 28
18 40
25 44
21 34
29 48
21 41
5 23
26 55
27 40
21 24
4 10
8 24
29 30
4 33
5 6
3 9
19 39
27 33
30 39
18 46
28 37
10 12
18 45
22 36
9 13
17 21
1 17
19 40
8 22
20 25
14 28
10 34
25 31
29 54
14 23
14 25
9 24
4 30
11 28
1 12
21 38
14 35
24 48
12 14
7 30
6 26
6 21
6 36
20 24
24 49
12 42
28 48
14 15
7 32
10 18
27 57
16 27
20 30
26 49
11 14
15 23
14 26
22 41
12 15
15 42
19 45
26 42
8 18
9 23
26 44
21 43
17 24
2 30
8 28
13 23
22 41
17 44
1 31
8 20
24 46
30 42
9 35
20 36
27 55
30 52
7 19
5 20
18 47
4 21
18 34
26 35
5 9
27 54
25 29
8 26
25 54
22 26
16 19
11 23
22 32
25 53
22 52
4 5
28 35
10 25
15 20
15 26
1 12
7 32
7 13
5 28
4 30
18 30
20 49
23 34
8 18
30 51
1 4
14 34
1 24
4 19
19 29
25 44
12 13
14 24
28 46
3 5
5 25
13 37
18 45
26 44
28 53
30 58
27 40
17 44
27 39
4 20
13 41
4 29
21 30
4 22
18 24
11 25
18 33
29 34
4 28
14 15
18 32
29 35
18 25
25 32
19 47
22 45
17 34
17 24
26 39
17 22
10 29
19 46
4 13
24 31
3 32
29 41
4 23
10 32
26 30
28 34
23 34
28 37
27 34
8 22
11 27
11 31
4 25
9 16
29 53
5 28
22 48
5 31
14 20
9 10
1 7
6 29
8 34
23 49
24 54
10 14
15 35
15 34
2 25
17 47
16 30
23 31
9 28
25 47
24 27
23 39
30 50
8 15
7 37
2 24
22 25
25 53
14 16
16 31
24 49
15 17
30 59
1 9
17 42
21 23
27 32
17 43
17 33
24 47
7 32
15 43
28 29
18 29
2 5
26 44
19 21
11 29
30 41
17 25
27 35
9 24
12 29
2 30
2 27
13 43
19 38
20 28
11 18
11 24
9 37
22 42
29 53
29 49
4 20
27 49
23 50
6 32
13 20
16 30
1 29
13 24
8 10
11 29
8 29
22 31
10 23
20 50
6 24
19 20
3 10
14 31
3 22
5 20
17 37
20 29
9 33
12 28
18 40
3 20
4 29
25 30
29 35
4 31
24 38
19 37
20 23
27 49
13 14
28 58
20 29
8 36
2 13
13 32
2 9
6 33
23 45
1 23
28 54
10 23
9 37
22 50
22 40
11 16
10 40
26 55
8 33
18 28
6 28
20 49
29 54
26 47
9 27
4 32
14 19
2 24
25 48
12 28
3 17
12 24
6 13
3 16
2 22
14 21
12 16
5 7
20 42
14 42
10 20
17 32
14 32
6 36
11 20
8 13
23 42
8 36
26 36
2 21
22 38
17 42
11 32
26 48
5 6
12 26
10 38
28 44
16 41
7 25
4 18
14 32
3 24
7 27
1 9
30 52
15 31
16 33
6 9
9 19
25 45
15 20
9 13
12 28
29 47
3 27
24 32
11 29
29 38
7 36
8 14
12 35
13 32
1 19
13 22
20 27
20 46
3 24
30 44
6 26
24 25
13 22
8 23
26 32
23 25
26 56
29 58
14 25
17 32
20 49
15 16
28 33
19 49
17 35
6 28
29 50
22 33
29 51
25 49
27 44
17 32
8 15
13 35
9 31
6 34
20 40
21 30
16 25
9 11
18 32
16 32
4 33
18 20
20 32
17 34
20 23
23 50
1 6
18 27
26 41
6 14
27 45
16 20
18 42
28 55
29 42
12 14
11 32
25 26
24 35
9 22
5 6
2 7
27 38
13 36
26 37
22 44
20 27
17 25
23 37
4 25
26 34
15 44
20 29
21 35
12 41
26 34
21 48
5 22
30 47
1 26
19 41
8 9
29 53
8 29
8 11
3 28
2 19
23 45
18 31
5 34
3 25
6 21
11 21
2 12
19 21
26 55
24 27
29 43
18 46
26 43
23 43
12 36
7 33
7 31
1 4
14 39
17 36
10 37
21 32
28 29
4 27
21 40
17 29
24 28
9 28
13 14
9 25
17 24
11 26
30 33
18 23
28 32
15 22
22 27
9 28
27 39
11 29
23 50
29 45
22 51
27 31
22 49
19 49
3 25
14 38
16 39
28 41
18 30
11 12
9 28
19 46
23 44
14 21
9 13
22 45
25 35
18 34
6 35
15 45
20 40
23 50
5 17
10 32
24 44
15 39
1 4
20 43
16 42
29 45
21 33
8 23
22 48
22 41
24 52
19 24
18 29
1 23
15 17
5 13
22 33
23 37
6 10
28 49
29 55
6 18
29 35
26 46
1 11
1 17
7 26
12 36
21 25
7 12
6 10
4 23
14 40
2 21
30 59
1 21
16 45
1 15
4 23
26 52
28 54
3 7
6 12
20 46
9 27
1 15
21 25
24 51
30 47
7 28
7 37
10 32
28 31
28 51
21 36
18 28
2 14
13 20
17 19
2 27
20 22
1 3
6 22
20 47
3 30
17 26
26 44
23 38
12 32
7 9
26 42
11 38
27 43
3 16
9 35
29 57
28 49
22 47
7 18
13 22
7 28
9 33
8 9
8 20
12 18
13 20
21 37
25 34
23 50
13 14
15 27
29 33
24 36
28 58
22 24
30 51
22 23
6 27
1 7
2 7
11 18
11 35
14 42
2 8
24 39
6 36
18 44
3 6
7 29
25 54
23 39
11 25
16 32
5 14
21 49
13 37
4 19
17 34
12 30
22 50
24 52
27 30
23 45
6 28
13 35
20 26
7 29
11 34
7 14
1 29
5 10
21 29
11 40
25 48
8 16
12 36
27 57
26 46
21 44
3 29
14 28
23 44
5 8
5 16
10 15
30 36
1 13
13 24
10 39
25 43
29 57
11 36
20 48
6 16
21 29
27 53
21 40
8 33
14 26
6 29
8 13
20 28
17 41
11 29
23 50
5 26
25 32
15 29
5 26
15 32
20 32
12 23
22 42
5 10
23 25
19 20
29 37
8 23
2 12
24 40
7 28
6 29
27 39
28 51
24 36
9 23
15 28
16 23
24 44
11 27
14 44
16 28
7 23
18 48
17 28
15 30
1 21
7 35
24 28
20 29
16 37
14 36
3 32
28 46
11 20
3 27
30 41
5 11
18 40
6 10
2 22
19 22
2 19
22 39
21 24
25 53
23 32
19 36
7 24
4 21
17 24
10 26
9 15
13 39
27 45
21 50
30 31
23 46
18 24
9 39
8 33
27 28
3 18
9 11
23 36
10 19
11 23
16 35
17 46
6 20
8 34
4 33
19 37
21 49
23 44
27 49
8 31
14 24
29 52
3 17
5 18
14 29
24 54
3 5
28 58
15 42
17 27
26 31
19 27
2 13
21 49
3 31
12 20
29 40
30 32
24 28
6 13
10 31
28 40
22 39
3 32
14 34
30 31
24 43
30 48
29 41
15 38
9 36
1 31
29 51
23 37
26 54
12 17
10 20
9 10
18 29
21 44
30 51
23 39
9 24
3 32
26 35
14 41
27 33
26 51
27 45
30 44
7 19
19 35
13 32
8 38
21 50
23 36
11 18
20 39
13 35
9 18
30 52
5 32
27 49
13 29
1 14
29 36
16 25
14 42
19 40
19 29
11 14
14 35
2 5
1 15
24 34
14 29
23 33
3 15
1 17
27 28
20 37
29 34
26 30
2 16
17 29
15 42
15 43
10 26
30 32
29 44
3 16
22 40
22 46
29 44
9 26
7 35
25 53
2 22
1 26
26 43
7 9
6 19
22 29
28 41
8 26
28 31
22 41
20 26
12 22
20 33
26 44
2 22
15 41
2 18
20 39
24 42
12 33
30 33
27 46
16 43
7 12
29 49
23 33
25 51
19 25
30 44
24 26
25 33
27 45
15 23
6 7
18 28
21 30
12 30
28 55
6 32
1 5
15 30
13 23
11 12
15 17
6 36
3 25
30 51
10 24
21 28
14 44
16 21
8 36
14 41
16 35
22 31
14 21
15 41
8 25
18 32
19 34
14 35
6 19
4 11
18 34
14 38
15 36
20 42
10 13
19 45
13 23
26 52
8 18
13 20
27 49
13 20
6 24
19 22
22 44
10 19
7 30
2 23
13 34
5 20
15 38
10 37
24 51
22 46
28 54
30 46
17 29
22 44
29 40
17 37
24 50
21 44
10 24
5 19
27 36
28 39
23 52
30 39
25 38
2 25
9 32
30 47
27 49
1 26
24 41
7 16
12 31
1 14
2 8
26 46
6 30
1 22
22 44
29 38
26 56
23 49
22 44
13 23
5 18
5 25
29 32
29 31
13 42
14 28
26 35
4 28
24 50
14 22
9 21
16 20
3 11
30 46
21 33
26 44
16 38
7 13
24 29
7 13
26 38
11 24
12 18
6 34
23 34
5 6
22 42
27 51
19 45
10 11
29 34
18 32
26 51
19 30
21 38
8 24
20 30
21 22
16 42
20 28
7 31
1 21
5 32
14 29
14 29
16 28
11 36
17 23
19 24
8 10
13 28
17 19
24 31
24 25
25 31
1 24
29 30
12 16
19 36
18 20
1 26
13 24
20 49
8 38
25 40
1 30
21 31
22 37
8 15
7 31
12 19
16 27
7 35
6 31
6 21
18 47
10 40
9 30
20 29
20 34
15 28
12 18
22 25
12 41
10 28
15 36
25 55
23 24
19 47
18 43
13 18
23 37
27 50
4 20
1 16
22 38
27 30
21 39
28 30
9 38
19 42
19 24
14 18
28 31
23 38
19 46
11 22
10 17
25 30
15 41
20 26
3 11
8 23
26 53
8 34
25 43
10 16
23 38
9 29
17 18
26 31
28 34
7 36
5 7
4 23
19 34
16 29
22 37
27 36
12 38
4 10
13 18
11 38
20 31
8 36
12 15
25 26
1 2
29 56
24 26
7 11
8 30
16 46
6 10
8 25
21 25
15 19
8 25
22 41
28 58
17 18
24 27
1 25
25 54
20 39
23 49
14 44
9 31
21 36
25 54
23 31
24 31
11 12
24 48
12 25
15 35
13 22
22 35
2 10
3 17
26 43
1 3
9 19
23 52
16 25
19 27
16 28
15 33
5 35
12 20
12 38
27 43
26 36
20 48
17 31
3 8
1 4
28 29
4 24
21 40
20 22
27 33
13 16
15 24
24 42
16 43
6 10
12 13
5 28
20 34
6 28
10 38
17 24
28 40
18 37
1 8
12 31
4 28
13 24
25 31
28 30
24 27
6 33
26 28
19 34
15 39
29 45
22 37
22 33
26 27
21 39
30 32
6 9
18 36
5 17
15 18
13 21
27 37
4 26
4 18
29 39
8 35
26 47
3 12
1 21
10 24
30 39
15 20
3 5
15 23
5 26
2 12
29 57
11 35
12 26
8 18
24 31
28 39
19 49
19 30
11 39
24 34
28 37
7 30
2 23
30 59
3 4
8 9
20 30
17 18
24 40
2 11
22 51
19 29
28 35
20 21
27 33
10 26
6 22
8 15
28 57
27 28
21 47
23 34
6 15
3 24
24 29
29 36
3 12
8 31
7 27
23 48
25 49
11 41
10 20
28 57
9 34
29 50
20 42
1 18
22 48
7 15
30 57
14 38
5 19
16 28
3 33
28 55
24 32
26 51
10 33
23 41
17 39
8 37
13 14
7 33
26 32
3 20
24 33
10 39
22 48
2 26
17 46
20 30
29 44
4 12
29 56
17 25
10 26
28 42
8 12
9 34
9 21
11 36
20 41
23 26
8 24
26 42
6 21
26 52
21 42
25 44
17 28
18 36
19 34
1 27
19 29
21 40
21 44
13 15
13 40
4 16
4 25
28 30
5 20
27 44
5 27
27 41
24 39
1 13
29 31
30 39
3 15
28 43
4 6
16 25
21 32
20 44
1 10
25 52
15 29
5 25
5 6
25 45
7 24
24 30
18 41
6 18
26 51
26 55
27 38
7 24
13 32
2 7
19 46
1 5
10 37
15 21
28 37
17 43
25 35
1 6
24 53
16 35
23 27
10 29
14 22
27 46
18 47
23 30
17 33
2 20
12 28
15 16
16 17
27 29
3 22
28 46
17 23
7 17
9 17
20 34
15 32
2 5
7 24
1 24
24 48
10 37
9 33
20 36
16 24
17 35
26 41
6 11
12 16
6 26
11 28
3 20
3 30
11 12
5 8
23 51
26 28
16 20
17 22
19 22
12 40
20 50
4 21
26 41
20 21
4 26
17 45
9 21
24 43
4 32
14 41
17 26
20 23
5 12
7 30
1 12
12 32
10 25
29 34
29 47
27 51
10 15
22 32
8 23
20 32
5 8
30 51
12 31
15 31
17 31
30 47
24 36
29 32
18 45
29 38
14 31
2 17
21 44
24 45
30 36
2 28
8 9
16 27
11 34
26 54
6 24
14 43
21 33
23 31
30 43
16 30
29 39
20 31
2 8
1 24
11 35
18 36
16 42
29 56
18 34
16 31
3 32
13 36
3 30
23 25
1 31
7 36
9 36
1 4
24 26
25 29
17 30
13 38
8 19
21 38
19 47
1 14
26 39
28 48
1 21
14 15
19 31
21 41
8 29
22 45
14 30
26 49
28 37
17 44
11 40
13 42
26 39
4 17
17 18
3 20
20 28
9 39
19 48
11 30
12 14
11 36
18 25
17 24
7 10
4 13
1 9
30 48
21 24
1 30
3 6
16 30
2 18
5 25
15 31
8 26
17 28
12 38
17 38
25 40
15 35
23 31
27 49
25 34
16 41
8 26
19 34
1 21
30 36
10 16
21 30
23 52
19 46
25 52
17 28
3 26
30 56
30 56
9 34
5 30
19 31
12 42
18 23
19 36
2 22
15 29
21 28
4 13
25 45
28 31
30 60
26 55
17 42
25 51
11 32
12 34
24 39
21 32
11 12
19 31
21 24
17 20
2 23
11 37
10 40
21 31
22 38
8 16
2 26
25 38
14 20
4 11
13 29
9 32
16 44
27 55
30 43
30 53
25 28
19 24
24 33
6 21
16 21
15 32
29 38
21 33
7 23
11 30
1 20
3 12
8 37
28 58
4 32
22 42
22 24
24 39
10 31
22 39
26 32
4 28
14 30
27 39
2 31
22 46
10 35
24 41
15 37
16 26
11 41
30 32
1 16
8 11
28 57
19 42
4 18
8 18
30 56
21 44
17 22
16 42
29 31
4 9
23 35
7 10
11 17
4 15
12 15
13 22
2 26
23 50
7 37
6 34
26 45
20 24
23 51
29 42
29 53
9 22
5 20
15 22
12 22
10 34
12 26
24 29
7 24
2 8
8 37
3 28
9 24
28 51
4 30
5 7
12 18
14 30
20 40
15 39
29 53
9 11
7 9
29 43
10 40
19 37
20 33
12 33
27 37
13 43
27 45
23 31
15 43
16 20
9 39
27 56
23 28
1 22
29 58
26 34
20 34
25 26
19 26
21 36
8 12
7 11
13 34
12 39
11 38
22 41
18 29
18 20
7 17
22 27
8 26
5 24
23 44
11 22
19 21
18 44
27 51
30 31
6 9
19 35
21 31
27 35
12 26
9 28
23 45
15 37
9 28
2 4
10 22
4 32
5 26
16 17
6 13
23 35
9 20
19 48
13 28
28 52
20 48
4 8
19 38
25 45
29 47
13 43
30 46
20 46
29 34
19 23
11 22
7 18
14 32
9 27
2 30
11 25
25 32
17 22
25 29
24 39
21 27
15 27
14 18
8 20
30 48
7 17
28 42
20 23
1 21
20 44
17 40
7 10
29 45
7 22
19 20
29 30
28 41
13 24
8 20
22 29
29 58
16 34
4 31
21 47
8 18
11 27
2 12
18 40
25 42
6 11
9 14
5 11
17 34
17 42
20 50
23 41
20 29
28 43
27 45
2 7
19 32
20 33
14 44
4 12
16 26
4 28
14 22
21 43
17 46
8 14
29 30
16 26
1 14
17 36
22 40
23 33
22 27
14 19
4 22
4 15
19 48
4 28
7 23
15 38
15 30
28 33
7 20
6 13
17 39
25 33
2 12
10 33
14 37
20 29
2 17
19 39
14 28
13 33
29 49
4 17
4 5
17 27
6 29
8 22
6 30
14 21
3 26
22 38
7 18
24 25
17 21
20 42
17 42
11 27
6 12
20 21
29 58
10 14
13 22
9 27
2 24
25 30
14 22
12 25
18 46
13 39
1 25
18 28
10 30
17 32
26 32
15 39
4 20
19 35
24 51
26 44
19 31
22 46
19 44
6 34
14 24
23 30
4 6
16 29
22 24
28 37
29 33
24 27
20 32
10 23
30 57
22 40
8 21
12 38
30 39
23 36
19 27
19 41
9 35
26 48
27 50
30 48
19 42
20 28
26 47
12 38
18 22
13 38
8 24
13 20
17 44
12 17
4 26
18 31
18 31
26 32
28 54
23 39
10 14
15 21
17 43
1 27
29 34
12 41
13 37
5 34
21 29
3 19
22 34
20 29
16 32
6 19
3 24
20 32
16 20
9 11
22 31
27 39
6 7
10 28
24 31
16 22
14 24
22 49
21 32
5 33
18 21
11 31
23 45
24 32
18 20
2 11
3 23
12 20
20 42
25 31
28 30
3 6
11 27
30 53
19 45
20 26
20 42
26 30
6 17
4 19
12 17
15 29
16 42
21 49
17 24
25 31
8 35
1 11
13 35
24 25
9 15
28 49
19 34
24 48
25 52
8 15
23 45
12 21
10 13
6 24
1 31
24 25
18 34
10 32
29 55
14 43
1 13
19 30
26 39
5 18
9 13
19 43
18 40
2 29
24 53
14 31
20 49
17 24
6 24
21 25
5 9
25 30
15 28
16 19
25 37
15 41
7 32
19 43
16 28
12 14
10 28
18 39
8 34
19 33
5 14
9 19
13 16
14 33
16 37
13 15
24 51
19 42
13 20
16 37
10 30
22 41
29 30
1 7
18 38
19 41
28 56
1 3
22 29
13 20
19 44
1 6
14 33
27 45
18 22
8 35
23 44
16 37
13 21
19 41
27 34
14 31
26 32
10 28
4 26
16 39
9 25
19 33
5 20
1 23
18 27
10 13
21 38
15 41
25 28
17 38
2 32
29 56
28 29
6 7
22 44
15 37
29 32
5 30
9 15
8 27
6 24
13 31
4 31
13 41
22 52
11 26
21 22
3 21
1 10
11 26
22 47
6 26
20 31
15 43
8 22
8 13
1 21
22 27
17 22
2 32
4 8
14 38
5 21
12 17
16 30
19 26
8 33
19 38
27 52
9 35
8 24
30 39
6 27
13 27
25 31
13 33
10 28
14 20
25 42
10 21
30 51
9 38
7 34
18 43
21 39
20 49
3 14
7 15
1 12
21 39
16 41
7 24
12 24
22 29
20 44
9 20
14 31
10 22
14 33
6 10
6 23
24 32
27 57
8 27
10 38
6 24
23 28
4 30
8 26
24 52
3 5
8 16
11 20
19 43
19 35
19 43
2 7
24 52
4 5
16 22
20 34
23 27
10 28
30 47
27 42
6 27
9 15
28 47
6 14
4 29
15 29
10 26
18 21
5 27
25 38
19 26
26 37
10 37
20 21
5 22
16 27
7 31
8 35
4 17
26 33
7 18
12 21
26 56
3 26
13 41
5 6
4 34
3 8
26 48
28 58
30 43
2 31
28 37
25 48
14 26
29 41
22 24
20 30
1 24
2 7
12 18
5 12
27 34
3 17
21 51
5 25
4 33
10 11
29 33
23 35
8 21
16 45
7 34
30 37
19 42
12 34
20 28
20 28
7 30
21 48
22 40
8 34
16 34
18 24
13 16
18 38
7 32
11 24
21 23
12 14
25 40
23 29
22 27
14 34
27 53
16 26
13 29
27 47
25 40
26 33
9 14
19 34
29 50
20 39
14 15
20 50
15 20
6 34
9 28
18 45
14 39
28 47
10 35
8 12
1 26
3 4
29 42
7 34
25 51
8 16
26 45
8 10
23 36
30 53
23 32
11 17
3 12
16 29
25 41
8 33
10 12
17 18
14 37
27 35
19 45
8 14
15 30
30 59
27 48
22 41
29 53
16 17
2 26
5 23
9 14
4 14
6 26
10 22
13 42
11 12
24 42
28 36
2 29
7 27
17 37
8 23
13 29
8 15
9 21
24 33
16 44
18 40
17 45
25 54
26 31
21 40
15 26
19 35
7 24
6 22
6 11
22 32
12 41
16 28
11 13
20 38
29 37
1 8
27 52
28 42
22 32
24 30
20 32
13 32
28 38
26 51
7 24
5 23
16 28
22 40
13 24
5 8
10 38
2 30
22 51
11 16
8 13
2 22
8 23
8 14
24 49
22 44
11 37
2 20
30 53
5 9
25 27
7 12
21 29
2 6
28 33
9 36
9 19
16 32
16 31
13 15
9 14
23 35
22 46
29 42
16 42
17 28
19 34
7 16
14 44
12 23
4 16
7 11
22 37
12 19
21 45
8 30
20 43
3 7
16 17
16 40
18 20
4 10
16 18
14 43
1 19
1 28
29 59
30 50
14 17
19 45
27 45
17 25
10 29
11 29
12 39
11 40
20 26
27 33
7 17
26 55
19 46
25 43
26 43
29 30
19 28
26 33
27 40
7 35
23 40
15 41
5 22
17 42
22 35
22 42
14 23
19 22
5 10
12 34
13 23
22 46
19 29
22 29
14 42
4 10
7 18
24 35
27 29
27 38
14 24
30 49
19 29
13 36
15 39
7 26
26 54
12 26
7 11
20 40
23 38
18 47
25 28
2 24
4 32
2 11
8 31
19 45
3 5
10 19
17 33
27 39
6 7
25 29
4 10
16 34
21 24
17 32
27 45
28 58
7 28
30 36
14 32
23 31
11 14
16 44
10 14
9 24
4 30
19 48
23 27
17 30
28 53
20 44
4 21
15 25
30 36
8 21
23 53
12 38
2 29
23 27
22 45
18 44
18 46
16 27
1 3
15 35
18 22
5 26
13 24
23 35
16 46
16 17
29 56
26 49
15 25
26 32
2 7
23 35
3 12
14 17
2 30
15 35
24 43
10 16
30 54
9 24
23 47
7 21
12 14
28 54
11 34
23 28
19 27
16 37
16 37
16 25
18 48
28 31
18 48
8 17
23 31
16 24
1 23
21 25
16 26
29 47
2 16
22 34
21 50
3 31
19 29
6 35
9 35
1 19
17 18
19 20
8 12
8 9
17 37
4 6
29 54
12 34
30 55
4 16
16 44
1 5
7 35
24 31
23 40
16 17
17 21
2 18
29 30
8 24
21 25
9 20
20 40
3 22
7 35
22 44
17 39
17 40
19 30
21 25
27 33
4 9
10 37
12 20
28 48
15 25
15 39
20 24
5 19
14 25
3 8
24 43
18 29
3 9
21 44
1 10
29 56
13 43
15 31
7 19
27 49
13 24
7 32
14 25
30 49
14 17
15 22
21 23
17 41
30 59
16 38
7 13
18 29
5 8
27 31
6 29
17 28
26 49
5 6
25 29
20 28
28 32
7 26
28 43
4 23
14 25
10 22
17 37
15 36
14 17
16 35
17 19
21 33
24 41
13 24
21 45
10 20
19 35
28 44
1 24
4 10
4 10
9 21
25 48
24 32
25 35
18 30
11 20
15 42
25 52
7 14
12 28
17 18
24 30
16 32
21 33
21 45
9 38
27 30
14 34
2 10
29 48
11 21
19 45
6 12
14 18
4 30
11 31
18 22
18 43
19 27
28 29
23 29
30 49
8 21
8 17
12 19
20 35
8 16
10 15
5 20
8 17
2 20
28 47
14 21
6 30
14 17
25 53
9 25
16 24
20 44
9 10
22 50
15 44
27 43
25 27
23 25
10 26
11 40
27 51
28 30
18 21
4 8
1 13
19 35
12 20
1 21
30 44
17 24
4 9
14 42
6 34
29 36
14 16
28 38
25 50
3 7
27 33
7 34
10 35
5 26
24 51
2 26
11 21
22 36
14 19
12 24
3 5
10 18
3 10
9 29
23 34
15 35
8 30
8 25
8 12
29 53
1 23
9 12
1 31
16 31
4 23
26 54
13 18
27 34
4 9
26 52
15 18
7 30
24 31
1 24
10 32
16 18
13 37
4 18
15 27
20 31
22 37
8 12
11 16
11 17
1 29
2 18
30 60
30 53
28 50
8 38
13 28
1 19
9 36
23 38
8 20
25 54
18 21
25 45
29 34
26 55
2 21
6 8
18 45
16 32
19 42
15 38
8 15
10 18
25 49
22 24
5 22
23 45
11 28
12 13
13 20
21 35
17 36
15 19
15 38
11 36
15 32
18 32
16 35
13 23
13 40
4 13
5 23
1 8
4 8
29 45
10 29
21 47
7 35
21 35
20 44
8 34
2 19
10 27
28 42
19 21
2 24
10 16
9 19
4 8
13 15
11 25
21 22
1 20
20 34
24 33
7 31
5 35
10 16
17 46
11 38
30 43
18 28
10 28
19 33
21 45
15 38
29 56
23 53
16 21
13 14
13 24
24 33
10 36
6 24
24 41
14 30
29 52
25 33
10 15
13 35
20 48
14 33
24 53
18 19
3 25
2 17
24 41
16 19
4 25
13 41
7 33
5 32
11 40
27 47
3 12
12 27
6 23
3 25
15 35
22 39
3 18
24 50
24 25
20 47
21 23
16 44
20 40
16 46
18 30
11 24
13 27
27 37
1 30
1 8
10 25
24 28
21 30
29 43
9 19
11 40
4 30
18 33
16 42
6 31
29 45
29 40
22 47
21 43
15 28
28 44
27 40
19 37
13 22
23 44
11 14
12 26
21 42
28 34
8 11
22 29
10 31
17 18
7 36
14 36
12 16
29 59
8 18
17 38
18 20
3 23
4 10
3 27
19 41
21 47
16 21
2 20
25 36
10 11
9 33
14 26
19 32
12 38
22 42
8 9
21 24
21 46
8 23
10 36
7 30
22 44
27 42
1 22
25 36
13 39
4 31
7 21
9 27
1 23
30 39
22 42
11 15
14 24
19 35
6 31
30 49
8 34
3 12
8 28
19 39
7 21
16 29
27 43
23 42
29 51
27 40
11 40
16 33
9 13
24 30
20 43
24 44
10 28
28 45
7 15
6 19
13 27
18 19
21 23
19 39
23 31
2 27
6 15
3 9
13 31
11 13
10 36
13 32
14 24
27 39
9 12
25 38
8 12
13 41
5 7
9 28
9 11
5 11
11 19
4 27
17 31
16 43
10 39
7 30
30 34
26 27
28 48
13 18
15 41
24 35
19 22
29 48
26 30
16 22
3 22
20 39
3 31
7 11
26 32
18 35
1 14
9 37
25 47
24 33
9 26
12 31
11 21
29 36
5 19
12 41
25 49
10 37
21 37
22 30
13 14
16 29
13 38
10 39
8 33
30 38
12 23
26 40
20 36
20 37
29 53
15 38
17 41
11 40
2 26
6 20
24 37
27 56
7 35
27 33
15 41
13 39
28 58
9 27
15 36
26 32
6 16
20 34
4 27
12 17
16 25
10 12
21 49
30 50
18 44
17 19
14 44
27 38
21 48
20 48
9 24
25 39
25 39
27 47
6 36
16 30
8 25
15 36
15 21
2 4
1 19
3 9
17 38
9 39
9 37
27 45
5 26
23 44
26 38
10 34
11 28
7 18
3 16
1 10
18 20
10 20
11 15
8 28
24 40
19 44
5 12
4 13
19 45
29 43
7 37
7 17
8 13
20 23
9 21
11 37
5 26
28 43
16 21
4 14
20 34
26 50
20 49
25 33
24 47
14 37
15 27
24 46
17 22
24 41
16 21
13 25
17 19
26 28
6 28
3 20
5 33
2 27
18 44
24 36
11 18
26 51
11 22
8 27
15 17
5 35
28 37
11 25
10 38
7 14
11 13
23 39
29 46
2 19
12 29
20 34
24 31
30 56
17 25
14 37
9 27
22 50
27 51
11 39
13 22
5 29
10 29
9 10
5 7
9 18
18 38
22 25
18 40
28 32
21 32
18 47
21 30
26 35
24 52
6 12
28 38
21 29
21 42
8 25
22 30
25 27
27 36
26 40
22 46
9 21
26 52
2 10
26 45
16 27
16 38
8 21
23 52
12 25
19 30
30 33
18 34
26 32
16 37
11 18
6 17
10 12
6 17
9 32
29 54
3 9
8 19
11 33
1 23
5 16
25 51
13 17
3 33
10 29
21 33
17 43
23 50
19 47
7 27
13 41
6 13
25 38
17 22
4 13
19 49
20 33
17 41
16 28
24 41
30 36
29 37
1 22
4 16
10 13
1 15
22 28
21 37
10 39
21 34
8 17
5 24
13 34
12 32
2 29
29 52
2 29
1 4
9 35
14 24
20 26
24 35
11 25
27 47
12 29
24 35
17 45
29 50
11 22
10 14
7 15
27 36
26 45
3 7
6 14
14 40
13 42
6 21
12 36
4 19
2 21
26 36
17 41
30 57
26 28
30 33
1 19
3 22
28 55
14 18
4 23
21 29
17 43
22 50
12 29
13 26
5 35
23 36
23 45
9 28
15 16
13 29
10 25
4 12
3 20
3 9
28 51
5 19
10 28
12 33
26 42
4 26
15 41
5 34
9 14
17 41
5 26
1 16
27 53
14 43
4 20
26 27
30 60
15 24
9 27
22 26
25 42
26 35
4 34
29 41
4 12
27 28
28 47
7 32
6 26
23 33
27 46
2 20
10 18
18 29
25 34
14 25
25 26
11 31
22 32
24 42
17 37
18 24
1 17
30 36
27 42
7 22
25 34
2 6
8 27
6 9
28 48
13 27
12 36
26 30
25 44
13 24
30 52
16 46
7 15
28 31
22 26
17 33
4 14
11 23
28 37
6 23
28 38
23 24
25 43
4 23
6 22
21 26
7 36
27 32
6 30
29 48
19 26
26 49
16 44
26 40
6 7
22 25
10 24
26 53
1 22
15 43
7 13
3 8
26 47
2 3
14 44
19 21
7 21
16 30
11 22
19 36
3 14
11 16
24 52
1 18
19 34
14 31
12 20
21 28
28 42
29 32
14 23
27 39
14 26
25 42
15 21
25 42
16 43
13 14
25 38
9 22
20 35
29 52
14 25
22 26
25 45
6 36
21 23
11 15
6 33
20 32
2 16
28 37
11 22
2 7
15 25
17 21
24 31
19 49
17 27
3 6
21 29
2 13
2 6
15 44
23 27
10 26
10 39
25 45
9 27
16 32
27 51
11 24
30 59
12 20
8 22
11 40
13 25
9 15
8 23
4 34
19 32
15 35
12 13
1 13
18 34
27 34
1 9
19 41
28 50
29 35
27 28
26 35
5 9
15 27
19 37
3 32
23 32
18 22
10 20
7 26
25 29
17 34
3 30
8 38
18 46
27 41
29 51
15 18
18 47
6 34
8 16
18 48
16 43
25 42
6 8
28 58
27 41
8 29
11 26
12 32
4 5
4 6
22 32
26 27
8 9
28 35
30 37
29 45
3 26
24 32
16 37
29 41
27 33
24 53
12 18
18 34
6 19
17 36
22 27
12 33
27 28
28 55
8 26
4 14
10 37
18 44
10 26
29 35
22 45
4 7
20 33
18 35
26 53
27 36
1 9
30 49
9 28
15 31
28 46
25 32
15 27
24 48
20 43
21 32
7 23
5 23
28 43
4 19
3 33
24 49
8 23
13 21
25 53
23 45
15 24
20 41
13 27
6 8
28 54
4 8
11 41
13 14
14 30
15 31
7 15
2 8
14 29
13 21
12 17
21 39
14 25
9 27
24 30
19 40
2 16
16 20
13 41
4 31
5 16
4 15
18 24
17 41
12 41
1 24
26 48
2 3
24 26
18 35
8 36
29 30
11 17
26 49
25 55
11 40
10 17
1 20
4 13
12 27
30 35
29 54
18 48
17 28
2 28
19 20
23 40
1 4
14 40
17 25
17 45
28 46
26 54
7 36
29 39
5 33
6 9
14 37
24 54
3 28
25 46
25 34
29 46
11 23
13 32
19 40
8 16
9 12
6 13
23 27
8 35
23 37
21 27
6 21
27 28
1 14
13 31
21 25
4 27
15 23
11 37
29 48
3 32
21 51
5 11
25 29
2 11
17 32
14 29
29 31
7 36
14 25
8 12
14 18
26 47
11 40
8 9
17 19
29 36
24 49
4 22
29 35
19 26
12 14
21 31
26 53
30 39
8 38
5 18
3 25
3 16
20 22
6 12
4 30
5 32
13 21
6 17
5 29
17 33
18 48
17 22
18 27
13 30
8 17
30 40
23 47
14 26
26 45
10 31
15 21
9 36
13 27
29 39
30 37
25 34
6 10
13 29
12 29
2 21
18 41
28 38
17 28
13 17
22 44
24 30
27 51
24 26
29 51
11 39
20 47
28 46
30 32
3 6
11 15
21 49
27 37
7 12
13 32
8 12
3 26
1 30
16 40
22 36
7 9
4 30
29 30
5 25
25 32
23 28
11 16
2 31
15 45
3 30
10 12
22 26
24 46
25 26
7 23
14 19
18 27
22 30
10 37
27 53
3 14
30 35
16 39
3 25
14 41
10 25
28 29
19 32
14 27
13 33
28 47
24 31
27 42
14 42
11 14
23 29
13 27
10 30
6 11
11 22
1 13
26 47
4 18
3 20
18 26
28 43
18 31
22 36
28 33
12 42
29 55
5 9
10 17
23 30
11 37
10 21
7 12
23 26
10 28
19 46
25 42
11 23
29 53
17 35
21 41
10 29
16 22
22 39
12 19
15 37
2 26
25 55
20 37
2 31
26 39
17 37
21 49
23 34
13 23
29 32
21 51
14 42
5 10
14 23
11 32
22 26
6 14
26 52
17 44
16 28
1 4
2 23
22 38
2 6
17 39
29 37
21 33
5 22
8 19
25 44
1 18
14 20
24 33
23 33
28 29
22 50
3 18
11 27
30 42
19 36
25 42
16 31
20 40
1 29
30 48
8 38
4 25
28 47
22 34
21 32
12 24
30 36
18 28
21 30
13 15
17 24
10 12
13 43
22 28
27 40
23 49
5 31
8 10
6 35
5 31
9 18
29 38
14 22
10 37
17 40
28 31
21 28
27 31
6 16
1 25
22 45
11 37
10 29
19 34
17 41
3 21
24 25
18 25
9 28
3 20
3 25
11 35
29 36
19 45
16 35
12 42
3 25
25 37
10 24
18 37
29 49
28 42
13 20
20 33
25 40
29 57
6 15
13 39
8 31
22 45
3 6
22 27
16 25
8 26
14 39
6 10
15 40
17 36
1 29
1 18
4 33
6 16
29 47
27 33
2 20
21 25
12 24
8 28
12 19
7 32
2 6
28 36
28 34
26 46
4 30
6 13
16 28
8 22
21 26
12 35
14 16
18 36
5 23
7 24
24 37
3 28
16 17
24 29
28 47
16 17
6 27
30 43
24 31
27 34
3 11
21 38
1 9
4 9
25 27
21 40
14 38
5 26
16 45
17 30
9 11
6 21
14 19
27 57
11 26
6 20
14 40
22 36
25 50
19 39
18 19
30 31
16 42
13 14
24 45
6 31
22 33
1 28
15 42
26 43
4 5
22 31
18 31
23 36
29 32
24 40
25 40
8 19
10 30
3 29
10 18
20 43
18 38
20 44
8 23
11 14
8 10
12 37
15 41
7 20
20 42
21 35
6 34
24 40
18 45
3 22
26 48
4 18
3 26
7 9
29 38
5 11
11 19
23 40
3 24
21 43
13 24
27 45
9 30
25 43
9 36
28 32
10 11
9 21
15 23
6 12
16 26
3 21
17 42
4 15
16 33
24 44
27 47
7 34
2 26
6 16
20 46
14 36
18 32
25 28
21 51
30 37
9 11
24 41
19 39
19 23
6 18
15 39
2 15
13 16
6 24
5 23
5 15
9 32
23 26
25 39
3 19
12 15
17 22
12 17
16 46
30 43
12 26
29 34
27 38
29 53
20 23
11 36
4 23
17 44
22 25
2 18
18 31
18 44
9 38
23 48
21 35
29 53
20 47
28 36
7 25
1 20
13 25
5 21
22 43
12 17
15 20
20 44
17 47
11 37
20 23
20 30
9 19
3 31
7 29
27 32
2 29
23 37
30 57
21 43
9 34
18 33
29 59
8 24
29 40
11 21
5 27
20 33
1 15
2 9
28 56
4 33
25 51
4 20
15 39
7 22
10 27
30 39
16 45
24 30
9 35
15 29
9 35
26 35
10 38
8 37
17 20
27 38
28 50
27 31
7 32
19 36
3 13
17 35
8 18
23 40
27 57
30 35
25 42
5 9
6 10
24 47
6 18
25 51
3 24
29 31
8 17
18 28
18 22
20 46
5 9
4 27
3 6
27 55
11 34
23 40
19 28
9 33
20 45
11 34
16 18
24 39
10 13
16 44
28 33
15 17
1 19
24 27
12 24
22 44
26 33
30 44
15 45
8 12
25 35
18 20
11 22
8 29
5 28
10 12
20 44
25 45
3 13
14 20
13 19
19 28
4 23
22 40
10 31
13 39
1 2
27 38
3 7
23 53
19 21
1 9
17 35
19 30
27 29
16 18
29 56
10 12
7 30
11 27
6 22
12 40
8 38
8 10
26 49
1 15
24 48
13 16
11 34
5 34
24 45
22 37
9 10
8 23
16 35
30 51
26 29
18 21
3 20
26 46
1 28
25 50
20 27
19 41
29 52
12 26
5 9
28 41
26 32
27 38
16 35
23 26
21 23
27 42
11 33
26 37
18 38
27 56
18 33
12 20
30 54
14 40
27 38
1 23
8 27
25 40
7 24
17 37
11 16
26 47
27 49
1 7
3 31
5 26
4 20
20 45
1 4
21 48
14 27
11 24
1 6
20 28
13 41
19 34
3 9
5 34
27 55
4 26
17 47
4 24
8 31
7 15
26 45
27 28
1 8
13 14
3 27
30 37
22 32
22 46
16 34
14 18
15 24
25 48
1 29
5 13
21 32
7 23
29 32
8 29
9 21
21 24
6 19
2 29
22 45
12 19
2 27
11 20
25 52
1 26
25 30
2 9
7 16
14 19
3 24
25 29
2 10
6 35
20 27
25 28
21 49
10 25
22 34
23 32
8 23
3 5
20 47
30 48
27 40
23 52
25 34
2 29
8 38
25 44
28 40
22 41
9 32
25 48
4 21
1 12
1 26
5 17
13 17
30 39
9 23
30 33
14 15
21 35
22 30
2 22
19 34
30 49
7 31
11 21
2 5
13 37
20 37
6 8
12 39
11 23
2 4
15 30
24 29
28 44
12 34
27 49
6 32
11 16
11 24
14 26
8 26
5 32
26 28
28 36
28 58
19 48
23 48
6 23
22 47
2 27
16 44
17 31
15 34
18 43
23 46
6 36
11 13
26 32
4 20
5 6
7 23
22 52
10 37
16 39
13 22
18 47
28 54
4 16
6 19
28 56
5 30
28 35
26 41
13 42
22 31
22 43
24 37
20 46
1 28
10 23
27 54
3 27
14 20
27 46
18 42
9 24
18 24
21 26
12 37
4 30
4 29
16 35
7 34
6 35
15 31
11 22
4 18
26 44
11 33
28 57
7 13
5 21
3 28
20 27
12 35
2 17
9 18
25 32
5 6
5 24
16 32
21 40
29 45
28 37
29 55
29 34
23 26
20 46
20 29
2 3
24 49
7 9
3 4
9 38
1 14
17 25
28 57
19 37
14 30
19 31
3 12
8 34
4 31
13 36
27 33
15 35
30 51
22 24
13 43
30 44
12 20
13 15
28 29
19 30
9 38
14 25
8 29
28 31
9 11
17 22
7 8
25 31
13 29
29 54
7 27
30 48
19 32
19 35
5 35
26 39
20 21
16 35
13 18
21 42
7 14
18 31
29 41
19 30
19 28
6 31
29 34
4 21
9 24
3 17
6 26
26 51
13 16
6 31
8 26
8 22
25 50
26 41
28 34
26 42
15 38
2 7
19 24
13 41
11 26
11 27
27 55
11 20
1 9
25 33
25 27
21 32
18 26
26 41
6 19
22 34
5 20
16 39
12 40
12 34
5 27
8 9
20 30
1 21
17 34
19 22
11 12
14 42
8 17
5 18
13 31
24 33
3 4
23 37
29 34
27 52
26 30
17 24
5 14
18 39
25 31
24 29
6 35
3 9
29 58
10 21
16 42
19 37
26 29
23 39
7 27
2 27
15 33
23 43
26 37
2 15
8 25
17 23
15 26
11 24
9 21
15 32
7 32
4 29
28 47
2 6
30 34
20 34
21 34
3 12
15 20
21 43
21 50
27 55
10 17
10 20
11 28
26 43
11 33
3 11
2 7
4 5
8 23
14 34
27 36
20 31
5 15
25 42
1 22
14 16
20 36
11 41
2 31
8 20
20 31
12 25
15 22
13 27
13 31
3 13
26 41
12 42
24 30
9 25
19 41
17 25
7 35
7 37
18 32
4 33
16 31
11 41
13 36
13 38
2 10
26 54
22 52
19 26
5 32
15 38
11 12
22 31
20 48
9 16
4 16
5 24
18 33
11 33
29 44
16 17
14 18
20 47
3 33
4 33
27 45
14 43
10 15
7 37
25 40
28 56
18 21
8 13
9 19
26 56
25 29
22 30
7 18
5 6
10 40
29 57
9 21
18 28
9 34
9 12
1 8
22 41
1 30
15 16
9 20
30 55
6 19
24 28
23 43
4 29
11 35
14 33
28 52
29 35
18 47
8 18
27 56
28 55
19 24
28 47
15 34
13 25
2 31
15 31
18 28
2 31
3 11
9 39
1 30
27 45
28 32
27 51
2 19
13 26
21 23
1 28
12 18
30 35
4 10
21 42
15 37
11 20
21 41
1 22
10 37
8 15
23 50
23 47
5 32
6 23
20 49
5 6
4 8
6 13
9 27
19 42
1 31
23 45
11 26
12 32
12 24
19 23
30 33
19 45
21 38
12 22
15 31
2 12
19 48
16 43
16 20
11 28
25 50
30 57
10 21
17 30
14 41
8 21
21 39
8 19
26 37
12 14
26 39
11 17
4 30
2 21
22 26
27 35
21 39
5 35
21 34
4 8
1 12
9 30
28 36
23 47
19 45
17 23
30 58
12 15
15 20
22 28
1 11
6 27
28 38
12 30
14 29
13 27
17 38
26 32
29 47
29 38
5 13
14 18
5 22
7 26
22 42
17 39
29 51
12 30
23 46
27 33
29 39
11 26
30 36
20 40
15 26
20 39
18 44
14 36
12 32
2 5
9 27
16 46
1 28
17 40
11 17
20 21
15 37
15 21
19 46
18 21
7 14
13 37
2 29
7 13
8 16
30 47
18 34
8 26
4 20
3 18
21 43
7 12
6 28
11 35
18 38
19 35
26 27
1 21
19 26
25 44
6 30
5 28
1 5
3 8
19 24
11 21
18 35
6 21
8 16
9 26
27 54
2 17
19 21
4 12
30 50
26 32
5 27
20 26
17 31
10 15
10 30
6 26
28 40
4 10
11 23
14 22
8 16
22 49
9 26
26 27
6 19
6 8
26 43
7 19
23 31
8 10
19 25
21 38
9 34
14 33
28 55
26 54
26 35
16 21
25 28
5 35
15 17
24 26
10 40
5 7
30 34
26 44
9 17
4 21
24 33
6 28
28 51
19 42
2 6
27 53
6 29
18 30
16 27
5 23
2 3
11 12
4 10
19 32
14 28
21 28
23 49
20 40
19 27
12 24
3 4
29 59
15 31
3 26
18 25
10 30
7 27
20 31
18 48
15 38
14 19
21 49
23 34
17 20
10 30
14 27
20 32
4 31
20 27
19 26
5 33
18 30
9 39
14 40
29 49
10 14
16 17
1 9
11 20
10 30
29 44
24 34
27 55
6 14
26 50
14 44
13 15
11 25
23 39
9 30
5 16
17 30
11 20
20 41
18 40
2 10
6 32
9 33
15 22
1 11
22 29
9 14
30 42
18 40
19 37
4 20
28 48
28 58
29 46
12 20
8 22
7 13
1 16
21 28
13 35
16 21
20 36
9 28
19 37
2 10
27 32
23 40
17 29
16 23
28 48
14 42
3 15
25 50
26 41
1 10
28 36
5 22
15 20
27 53
22 50
3 13
25 42
26 37
28 32
17 34
23 45
14 31
3 33
3 23
15 18
20 32
2 26
29 37
28 45
3 14
15 42
21 30
13 21
11 13
11 30
19 44
2 26
11 15
24 37
15 45
7 12
3 33
20 21
30 48
10 12
20 44
21 31
24 27
18 22
27 47
14 21
15 30
30 47
18 33
22 46
6 26
28 37
20 30
1 12
27 37
12 28
3 5
18 36
27 54
13 28
16 42
21 43
10 22
1 20
27 49
13 37
11 13
2 24
11 36
2 31
4 10
7 36
29 53
16 33
20 49
1 28
16 37
19 45
3 22
6 27
2 20
14 26
12 20
26 40
2 21
13 40
24 43
25 40
4 7
1 24
1 3
11 19
14 43
3 19
9 10
28 30
18 22
6 27
11 12
5 9
19 28
30 35
27 52
19 49
27 38
14 33
12 36
26 52
15 36
3 18
21 22
17 47
26 48
13 19
22 39
1 3
25 55
28 41
16 24
4 8
19 36
14 44
10 12
17 41
22 34
1 5
4 21
25 54
8 15
26 47
15 41
14 23
17 29
13 16
11 27
28 57
2 14
21 25
13 20
19 45
10 29
29 42
5 28
11 15
22 50
16 22
23 53
7 9
3 22
26 39
27 50
12 32
26 28
23 53
30 34
25 35
14 29
14 33
30 55
14 35
22 52
26 33
29 31
30 53
13 38
5 14
9 17
28 33
1 22
4 5
16 45
2 31
5 20
9 13
1 24
24 39
22 34
13 25
13 25
4 29
28 58
3 9
8 9
10 18
13 19
30 58
26 49
26 56
30 57
4 26
19 38
6 8
30 40
5 10
21 51
29 47
29 53
16 44
16 41
28 48
22 41
9 26
12 38
17 20
22 34
24 34
22 52
3 25
9 16
18 40
28 44
1 20
1 17
16 24
3 8
27 51
24 29
3 8
1 20
29 51
22 44
24 37
13 39
26 40
25 38
5 27
21 48
10 31
5 23
29 36
22 39
22 37
22 46
11 33
4 13
5 30
1 29
30 43
16 41
26 36
8 30
23 43
11 14
2 17
20 42
13 24
9 13
18 48
20 48
13 36
29 38
10 31
7 16
3 25
25 46
23 47
4 19
13 27
9 24
28 48
6 16
23 29
6 16
5 22
29 38
9 36
18 28
17 33
10 22
29 56
2 23
20 47
27 30
11 17
9 17
17 23
10 19
12 27
18 26
1 18
17 18
5 31
3 25
11 15
25 26
30 48
13 33
14 23
14 38
6 20
24 47
19 22
23 53
9 20
8 9
19 35
23 38
11 36
28 41
29 51
5 33
9 26
9 24
17 39
8 31
27 50
7 23
25 54
7 32
1 7
25 36
21 39
26 49
4 27
27 29
7 8
22 29
17 39
21 25
6 35
18 20
21 37
17 25
6 22
2 31
21 40
9 21
6 32
26 35
11 34
3 20
23 39
23 25
7 21
27 31
4 10
6 22
21 35
23 49
29 46
24 44
5 30
23 25
20 38
2 32
10 36
8 33
11 12
18 28
6 20
13 22
19 29
16 17
24 33
18 32
17 21
3 16
28 53
14 23
5 12
1 7
3 11
30 35
30 39
14 41
14 33
5 29
20 33
24 29
13 17
19 48
7 20
11 37
8 24
26 30
22 48
9 33
26 27
29 54
9 13
14 37
14 32
8 12
22 24
8 12
27 53
2 5
9 13
28 36
19 34
11 14
11 30
26 32
11 27
22 42
20 25
4 29
15 26
28 56
4 10
2 32
23 48
24 25
29 42
30 39
28 38
11 41
21 50
27 50
14 24
12 37
7 14
20 41
10 19
10 15
14 25
27 34
6 26
29 33
3 32
4 26
30 45
21 33
5 22
5 15
26 34
27 29
15 23
14 30
16 40
20 42
26 42
28 29
6 24
26 56
16 46
13 21
6 9
19 29
11 26
11 39
23 30
22 51
14 41
14 36
12 15
13 21
11 21
30 38
27 53
29 34
17 28
4 26
5 19
23 30
29 54
4 17
2 19
11 18
14 30
28 53
10 20
24 44
11 35
27 57
19 44
26 53
27 56
18 19
12 14
7 17
26 29
22 41
19 43
18 20
9 24
19 38
17 29
30 57
5 32
26 41
13 26
11 13
11 31
2 25
13 14
24 25
3 11
19 32
23 29
7 9
13 38
12 41
28 39
17 42
29 34
1 5
17 29
5 33
23 51
12 18
20 47
6 28
26 42
27 46
14 17
12 30
19 34
16 24
17 19
2 10
28 31
11 26
6 13
4 24
26 41
25 41
3 25
29 58
30 55
9 22
19 31
30 37
26 33
15 27
30 38
19 47
2 23
12 19
19 26
19 34
21 34
22 37
27 47
5 31
7 20
30 55
16 37
24 35
27 57
15 33
29 54
7 8
8 18
29 47
16 33
2 30
22 37
13 31
27 44
5 8
22 48
19 48
16 28
10 14
3 19
13 15
10 30
24 33
29 51
27 42
1 21
12 34
5 21
1 2
25 52
25 33
22 35
6 35
17 24
24 43
22 28
12 36
25 30
2 18
19 39
30 49
10 13
2 8
19 43
6 19
20 50
12 15
4 21
23 43
24 40
1 8
21 33
22 30
9 25
23 50
5 19
7 13
16 24
11 15
23 31
8 20
29 48
6 9
28 56
22 35
13 27
19 44
18 29
24 50
26 34
14 36
21 41
28 35
19 27
2 13
16 26
14 28
20 39
16 33
8 38
29 49
5 15
6 28
12 34
17 24
29 51
20 40
3 20
26 47
25 44
23 25
28 34
15 25
16 39
18 41
14 23
4 22
18 20
10 39
23 41
27 48
2 18
10 14
3 30
25 44
16 25
20 25
7 11
6 28
18 42
7 8
24 26
11 22
3 23
1 18
29 56
8 38
4 13
4 32
28 48
16 21
20 25
1 27
1 8
10 28
22 30
11 26
9 30
17 21
2 19
20 50
5 24
22 30
20 37
6 15
28 41
13 22
10 23
5 15
11 17
19 21
13 34
16 29
11 13
8 12
10 30
26 40
30 47
14 33
25 36
27 41
23 24
22 24
6 32
3 19
23 37
18 45
4 29
2 9
27 36
10 16
28 33
12 40
13 38
8 37
27 54
12 31
27 31
13 37
21 28
10 24
20 47
2 18
21 24
14 23
12 35
7 8
20 38
28 52
4 32
23 53
24 28
10 22
29 43
6 26
21 36
25 27
3 29
9 24
21 43
24 26
7 29
24 50
9 31
19 23
11 14
3 7
7 19
15 42
26 38
16 24
26 28
1 29
20 30
5 15
1 21
3 10
11 37
24 43
9 22
22 41
15 31
22 35
19 48
10 16
10 27
13 41
19 33
17 25
23 44
17 32
10 29
14 34
6 13
30 45
11 24
3 21
28 45
30 39
15 16
14 30
18 45
13 41
2 24
27 43
12 17
30 44
15 20
25 45
12 37
4 26
29 36
9 28
15 16
27 56
23 33
6 8
28 39
29 58
2 19
6 11
21 49
18 23
2 15
25 38
7 27
27 54
18 45
15 17
27 38
22 42
13 41
13 23
30 42
9 10
28 42
5 16
11 34
15 20
27 28
17 42
21 34
21 29
2 8
2 30
8 31
9 29
12 34
30 41
25 55
11 25
5 13
24 32
22 31
12 30
1 21
12 33
25 49
21 47
29 51
23 52
14 38
18 36
7 16
28 29
8 9
6 19
8 38
12 33
30 53
8 38
12 23
21 27
4 7
23 48
24 32
23 52
1 11
16 45
19 33
21 39
6 32
22 35
25 28
25 49
17 19
16 37
4 10
18 25
8 19
23 46
18 33
13 23
17 46
8 13
4 32
14 23
15 21
13 15
30 37
17 34
30 32
29 32
29 45
1 29
26 50
20 25
8 11
14 30
23 44
12 38
10 36
26 43
23 53
18 40
6 10
30 57
6 34
21 47
6 27
24 47
6 11
28 34
7 18
21 42
24 27
8 11
28 31
19 31
2 30
3 32
2 27
25 54
14 21
24 43
20 29
12 37
14 23
22 42
11 24
3 7
7 17
7 33
13 30
7 13
15 16
5 13
25 46
6 15
20 41
19 28
30 52
3 16
30 47
24 27
29 55
6 33
6 10
22 32
21 49
15 42
20 31
26 41
24 25
15 28
13 38
21 25
17 32
16 24
23 25
10 23
19 35
9 33
19 49
25 26
19 21
19 28
12 26
15 42
6 35
1 12
15 28
14 15
28 50
9 29
23 41
3 14
25 28
27 33
3 16
28 41
14 31
13 31
22 49
6 26
17 24
30 32
19 32
24 32
26 28
20 38
12 26
21 27
16 25
3 13
13 14
15 42
9 36
6 28
16 27
11 13
17 27
25 53
15 34
5 15
12 36
20 43
7 9
21 36
2 25
24 38
15 23
2 17
27 56
7 19
10 19
5 23
11 33
15 40
10 22
26 39
5 12
28 32
30 48
10 11
2 5
7 16
3 33
23 52
29 50
2 10
30 36
17 27
19 43
26 46
5 18
3 4
20 50
26 45
9 14
12 14
30 48
10 12
17 42
22 29
15 30
6 12
12 35
7 8
8 10
20 32
15 29
4 30
13 43
14 35
26 51
23 48
4 28
18 31
18 19
19 44
7 24
30 49
9 16
11 19
30 60
19 33
14 28
9 27
5 20
1 2
1 16
17 44
8 35
1 19
27 38
12 16
27 30
14 41
9 33
4 5
15 29
6 34
28 35
8 32
21 29
24 37
22 25
9 38
29 30
16 33
12 31
20 28
22 47
5 27
18 26
22 25
22 50
22 33
4 33
4 20
28 48
20 39
22 51
10 30
21 46
28 30
14 24
10 37
4 18
18 32
13 23
16 42
29 58
6 30
20 22
1 18
21 41
6 10
10 25
15 16
1 13
2 8
21 24
2 27
8 20
8 29
13 28
8 19
5 11
26 50
7 33
3 30
7 15
22 39
14 20
9 15
17 27
12 42
5 10
24 36
16 39
24 52
29 31
30 55
7 32
19 32
12 33
1 20
20 42
27 52
19 24
30 35
6 9
26 28
30 49
14 29
3 10
5 28
8 12
18 24
21 49
18 42
10 20
4 25
23 53
15 26
26 32
8 32
1 4
25 55
14 22
14 22
7 17
1 7
14 24
12 38
7 36
19 35
1 24
6 29
14 26
4 14
17 20
25 42
5 24
8 26
19 41
26 51
1 19
30 36
27 38
1 4
2 14
10 12
4 11
16 33
18 37
18 44
21 33
5 23
23 35
27 38
25 39
27 45
1 19
23 42
21 37
13 35
27 49
15 45
20 50
8 37
11 37
25 48
29 50
10 31
2 31
23 42
12 31
6 11
7 35
23 42
5 11
10 11
19 35
22 23
7 29
29 38
9 32
2 9
5 8
20 27
1 13
25 38
1 31
17 46
19 20
17 33
28 46
8 25
25 47
9 10
13 20
10 23
22 25
19 45
5 13
2 30
12 30
2 6
9 19
2 22
10 20
5 13
19 23
16 29
25 49
5 34
30 36
11 24
30 52
9 14
21 23
24 26
20 45
27 47
4 32
9 22
29 34
12 21
1 28
13 38
12 30
16 20
15 33
16 31
1 25
11 33
26 30
15 22
20 32
26 49
1 28
27 49
23 32
30 53
27 40
10 11
22 39
4 32
4 15
12 17
27 41
18 40
9 33
20 48
27 34
12 32
3 12
11 29
9 11
10 37
6 17
19 38
27 41
17 18
25 45
27 48
26 32
4 8
29 52
24 42
29 34
7 31
5 14
11 16
2 14
2 10
23 35
18 37
26 30
11 23
16 45
2 13
4 31
14 17
19 26
12 21
12 30
24 32
18 22
13 32
16 22
18 48
17 23
10 14
1 22
15 31
11 27
26 41
4 6
9 31
8 28
23 34
29 45
11 27
12 35
26 45
28 42
18 24
11 38
10 21
9 33
27 47
2 16
26 31
15 19
19 34
23 34
17 30
18 45
28 57
11 34
9 17
28 54
14 22
15 30
19 34
8 15
4 13
12 41
14 33
24 48
25 33
4 15
20 33
30 39
4 14
24 36
10 31
30 53
21 35
7 8
28 34
29 53
15 25
14 34
28 36
13 35
7 15
25 52
12 36
27 42
25 45
19 23
3 21
18 41
1 17
23 43
22 43
5 33
22 41
17 29
18 39
25 41
20 39
12 13
4 5
8 37
20 46
24 38
13 25
6 11
27 47
24 42
2 23
15 39
9 32
5 23
5 34
3 19
10 17
17 22
7 23
3 21
11 30
2 17
30 59
19 45
19 23
6 26
24 36
5 29
27 36
3 4
30 36
9 18
4 29
13 23
2 10
19 31
26 38
26 43
3 17
4 25
9 18
2 5
21 28
18 35
7 28
9 15
26 43
6 27
3 14
22 26
10 20
7 34
14 38
13 29
29 45
28 36
17 46
2 9
27 46
15 19
1 16
1 19
24 31
8 26
9 38
14 32
9 29
6 20
6 24
29 33
25 51
11 22
24 36
9 22
23 46
16 39
30 38
11 34
6 24
2 16
17 32
23 40
27 55
30 32
7 35
5 7
15 23
12 42
11 32
12 15
5 24
18 44
27 55
18 20
7 19
8 23
26 56
1 15
20 42
7 33
11 15
19 44
11 12
25 38
13 19
16 25
25 50
5 18
22 36
14 34
25 46
5 18
13 40
18 20
11 28
19 40
20 28
16 38
30 32
4 16
29 40
12 27
5 13
27 45
22 33
30 38
23 27
12 39
22 52
28 30
16 33
23 50
24 54
10 33
23 36
26 47
16 45
6 18
7 31
30 50
26 55
19 38
24 25
7 14
22 27
9 38
13 36
25 53
14 18
12 18
8 15
18 41
27 42
27 30
9 35
14 18
16 19
14 15
25 46
29 45
17 46
14 35
21 51
18 44
25 54
23 25
27 38
17 40
25 30
18 43
30 31
21 28
25 51
29 40
8 35
26 50
26 27
14 22
22 23
4 20
21 39
10 27
28 46
10 25
22 41
1 14
11 32
11 17
9 10
8 24
19 23
10 24
26 41
14 24
8 17
17 45
26 52
7 23
5 21
22 40
26 48
30 36
5 7
3 16
2 13
28 49
6 35
26 27
14 15
2 15
9 28
10 37
14 30
4 15
23 48
28 46
16 36
16 36
13 31
24 39
28 50
27 30
20 42
26 51
15 42
7 30
15 24
11 32
16 30
23 32
8 28
18 34
1 4
27 41
13 34
20 30
4 20
5 20
29 59
2 15
18 26
28 31
16 46
15 39
14 21
2 15
18 29
20 31
6 23
24 42
29 34
19 21
20 43
8 18
14 23
23 25
9 21
26 42
11 21
9 33
8 10
29 54
13 31
5 15
26 46
19 43
24 53
17 22
22 39
15 42
25 54
28 31
10 33
19 39
24 51
6 7
29 33
26 29
13 35
4 13
12 26
24 29
12 15
2 27
19 35
22 35
14 25
8 23
4 22
4 23
6 7
20 46
4 19
28 37
28 51
17 26
6 8
6 16
4 11
4 26
14 31
27 46
28 54
3 26
13 41
11 29
29 59
14 38
6 9
2 6
26 36
4 27
12 13
2 9
7 35
21 33
14 31
30 41
12 36
25 41
22 28
3 23
27 43
5 30
11 18
20 26
16 39
20 39
24 38
26 48
11 27
26 50
24 41
27 54
11 24
12 36
18 32
5 12
22 31
1 3
15 27
29 52
4 22
11 30
23 51
3 6
5 33
19 47
14 21
16 32
19 46
9 38
3 8
27 51
14 41
17 37
8 23
12 15
24 39
14 23
12 28
11 20
5 26
6 16
27 41
26 34
10 36
6 10
23 25
19 25
20 25
25 44
11 40
13 40
13 39
5 29
11 26
2 9
28 58
17 41
5 9
23 37
29 57
10 23
21 49
18 20
3 8
12 17
3 28
1 16
12 17
30 45
12 36
21 30
15 22
24 43
10 27
24 25
6 9
13 32
1 24
12 37
27 51
29 58
10 32
5 26
26 30
5 34
19 45
29 32
24 47
13 39
1 8
26 54
1 31
16 17
22 50
17 27
13 29
30 44
29 33
4 28
30 31
15 33
18 31
13 24
27 52
28 55
1 24
25 27
15 17
24 52
21 32
8 33
18 47
8 24
3 7
1 25
4 19
11 32
20 43
23 39
10 31
5 7
5 26
3 14
22 41
9 14
21 29
29 59
6 35
15 45
2 9
23 28
14 40
17 20
10 11
10 29
21 35
21 39
26 41
28 38
3 31
14 29
5 9
14 17
24 44
24 49
27 44
21 23
4 11
26 39
30 57
24 44
3 17
7 35
20 47
7 30
24 36
7 28
8 21
15 16
2 10
18 46
16 24
21 40
7 23
24 30
13 30
17 32
22 38
4 15
12 23
25 30
14 16
17 38
14 15
14 21
9 10
27 43
8 25
5 11
25 53
11 40
6 26
5 32
5 13
7 23
10 12
12 36
25 54
14 44
29 48
6 35
19 21
15 34
11 22
24 29
30 57
3 8
16 23
1 21
6 35
27 43
22 30
9 25
28 42
7 34
3 8
17 38
6 7
9 17
11 36
12 22
21 27
6 34
4 10
9 19
27 32
25 43
4 29
26 28
8 32
28 38
28 42
23 49
7 30
3 20
17 24
19 48
12 36
26 34
22 26
9 19
30 33
27 31
19 33
5 31
8 32
28 33
29 41
30 35
4 29
14 35
1 25
19 23
17 24
11 41
2 13
9 11
13 41
5 28
11 20
19 37
2 10
15 45
19 25
27 41
30 40
4 26
3 18
26 37
13 41
11 25
9 20
15 28
8 27
6 17
27 43
20 40
15 19
12 15
2 10
16 17
17 29
23 34
18 28
21 51
7 30
5 12
4 24
12 15
8 17
13 40
24 49
8 16
28 47
2 31
26 35
22 26
12 18
14 43
15 42
20 33
19 44
12 26
6 29
9 14
1 14
23 39
7 8
23 50
19 35
25 32
16 24
10 38
13 29
18 45
4 34
2 16
16 29
28 49
5 33
25 52
10 28
12 29
18 44
13 41
11 40
26 44
7 35
15 26
5 30
30 38
24 25
21 30
5 23
21 30
7 22
27 44
24 32
25 28
3 32
1 6
27 45
22 47
15 22
6 25
1 28
26 42
27 44
16 17
26 32
1 4
20 47
11 25
26 31
16 44
25 33
2 23
18 41
8 10
21 26
13 26
1 31
28 55
16 29
19 23
18 29
28 58
29 59
5 29
26 38
21 41
12 26
2 31
6 15
22 49
13 17
1 14
4 33
1 12
3 14
14 27
13 16
12 23
2 18
26 45
19 27
8 38
21 31
28 47
18 38
15 38
15 30
27 45
5 33
29 37
30 34
12 25
29 52
15 45
30 41
11 21
18 36
10 11
27 56
19 26
18 43
21 46
9 26
12 18
6 8
5 11
28 44
18 44
30 54
17 46
4 31
8 22
15 24
14 17
8 10
1 18
26 39
11 37
30 45
23 28
8 35
2 7
4 15
30 33
5 22
23 53
5 28
13 24
1 27
6 36
19 25
9 15
11 30
2 12
25 41
6 9
13 21
7 15
18 47
11 25
7 32
14 25
17 43
14 24
14 33
1 3
16 25
30 56
20 43
5 19
8 19
8 20
10 17
20 39
5 27
3 6
16 32
13 16
3 21
4 20
6 10
10 32
5 14
17 41
1 23
29 37
24 53
12 37
5 6
13 14
22 29
3 10
14 21
1 18
25 51
24 54
30 55
21 47
25 55
19 44
13 22
25 31
7 13
22 25
28 54
3 22
3 30
17 25
4 22
16 36
13 23
19 23
26 28
21 42
1 2
7 12
10 11
2 10
28 51
11 36
18 23
5 17
2 24
12 17
1 28
16 21
28 32
1 25
27 48
14 33
22 42
23 46
13 37
30 32
16 18
19 45
7 30
29 59
6 16
26 54
29 40
3 29
14 39
11 14
15 31
21 27
28 42
28 30
29 49
3 18
21 42
2 21
6 36
18 29
2 15
9 31
23 26
9 38
27 47
1 4
5 18
9 33
26 54
25 50
9 37
1 23
10 12
10 25
23 51
18 34
2 20
7 24
12 20
15 23
27 34
10 33
19 29
17 24
30 33
1 9
22 45
29 31
16 17
8 38
20 45
8 29
4 10
29 44
13 26
14 23
19 43
24 54
25 27
6 22
4 32
24 50
20 34
27 32
6 32
26 51
21 24
8 24
9 15
1 22
11 25
22 51
29 44
20 36
16 41
1 12
22 38
6 17
22 46
7 34
20 23
14 16
27 40
17 44
18 27
18 46
15 16
19 32
15 23
28 50
25 46
2 18
6 36
27 54
23 48
16 20
19 48
5 21
11 25
12 32
22 43
10 38
13 33
11 30
19 49
10 23
12 16
29 47
25 42
6 23
11 32
13 35
11 20
7 28
22 32
3 9
23 35
3 8
1 6
24 35
27 52
24 32
20 34
25 39
30 53
23 25
13 18
23 47
13 34
6 33
23 31
2 9
19 45
11 22
1 27
14 41
13 20
26 28
20 33
8 19
5 35
4 21
4 31
2 10
9 17
4 5
7 34
7 33
23 33
28 43
27 38
3 12
9 37
3 23
10 20
30 44
1 5
1 27
22 46
3 25
1 30
15 23
25 38
25 34
22 36
23 34
17 42
11 36
23 36
7 9
14 42
8 22
1 31
9 23
23 27
6 22
2 22
23 41
24 33
27 43
14 33
18 48
6 34
17 37
3 26
13 21
20 40
22 35
19 41
18 30
17 32
19 29
26 37
28 48
11 35
27 51
4 18
16 17
3 5
20 25
16 19
5 10
22 40
9 12
9 36
6 24
11 35
27 56
26 50
18 24
9 23
21 26
19 25
27 48
29 46
18 32
11 33
11 13
9 28
26 35
7 8
26 36
24 39
8 19
8 33
16 25
30 59
5 23
26 27
30 55
9 26
30 49
30 40
13 21
21 29
9 36
1 27
28 52
10 15
27 37
21 33
18 30
2 16
29 57
14 35
22 45
7 28
11 18
23 38
6 19
23 37
1 24
10 31
8 27
25 29
28 36
8 15
19 20
20 30
28 54
30 41
10 38
24 44
26 42
27 29
20 39
7 19
3 11
2 4
19 38
6 14
26 31
15 21
5 31
7 32
21 27
5 27
26 54
4 25
13 43
14 38
18 39
6 18
28 35
13 29
25 35
24 36
14 44
18 29
25 41
27 35
14 15
29 38
29 53
29 32
23 36
19 29
25 49
13 35
22 48
30 47
5 20
20 31
14 43
13 43
15 24
29 57
9 29
6 35
13 39
24 30
8 12
7 31
27 47
8 26
7 14
26 37
13 29
13 39
14 39
17 45
25 33
25 29
27 49
24 25
18 27
6 23
12 17
11 41
16 26
10 32
16 21
2 30
20 35
15 41
1 24
15 41
30 32
21 47
23 29
27 29
15 39
19 37
20 41
10 15
30 49
26 33
23 51
26 31
4 6
22 48
24 30
21 45
7 10
11 33
9 16
23 38
23 26
24 36
15 18
17 31
21 33
12 18
1 8
2 6
30 53
22 46
28 40
17 44
15 42
18 33
26 28
29 47
5 27
21 40
17 24
25 32
11 39
4 15
27 32
7 33
27 55
19 36
1 6
13 20
24 46
21 40
23 34
28 47
25 43
8 19
17 41
9 28
21 34
21 38
17 36
13 19
8 9
22 31
28 54
7 28
17 45
1 2
30 58
20 44
7 26
4 19
12 17
25 27
17 33
11 14
4 27
8 20
15 36
12 24
16 34
24 48
7 31
25 32
13 19
22 34
24 42
18 23
22 35
28 36
20 28
2 17
22 24
18 25
22 51
10 18
9 13
23 38
19 36
21 23
22 27
5 12
22 44
11 24
26 27
20 27
8 29
22 44
14 23
28 34
30 37
5 13
2 29
22 43
6 11
14 41
1 11
26 48
23 29
4 23
6 21
25 31
27 35
27 38
9 25
16 24
22 42
15 31
16 44
6 27
24 35
10 34
20 25
7 19
2 12
22 52
24 33
27 48
16 31
1 17
30 38
23 36
27 56
28 32
19 44
17 21
27 45
20 36
22 48
20 35
6 9
6 27
11 13
3 22
16 19
4 11
2 21
20 48
9 18
24 51
4 14
23 53
27 39
8 18
7 26
24 28
21 43
17 41
23 42
4 5
14 43
7 22
17 43
5 23
5 33
14 44
7 13
21 46
9 29
4 12
8 27
3 24
10 29
6 31
8 17
17 38
29 52
5 13
11 12
25 32
28 36
28 54
6 24
20 34
30 45
13 20
26 42
19 46
4 28
21 24
24 31
15 38
22 34
30 32
12 36
30 40
23 50
5 25
6 23
26 31
1 9
4 30
23 45
15 34
8 13
13 14
4 32
15 32
9 23
10 30
29 38
21 35
27 53
3 5
4 24
7 11
28 38
22 34
23 29
22 52
2 7
1 28
2 17
13 15
21 35
21 32
22 34
24 34
29 48
12 14
8 18
27 54
19 29
1 4
15 37
3 12
26 51
5 24
1 11
20 41
23 26
24 31
14 23
16 20
19 38
27 54
28 51
15 23
3 18
11 20
7 12
9 33
29 35
5 34
15 31
12 41
18 23
27 50
13 18
26 28
15 37
20 33
7 11
12 13
11 25
9 18
18 28
24 40
15 43
15 36
14 40
19 42
22 30
16 42
4 7
27 45
17 25
22 37
4 8
15 29
9 24
14 41
24 31
4 12
5 23
28 38
5 14
24 50
8 9
14 25
4 14
28 40
10 30
26 39
15 25
18 41
24 25
19 37
29 52
17 42
2 17
26 55
15 35
16 38
20 49
2 17
1 30
26 36
10 31
14 38
22 45
17 25
15 42
17 30
11 14
30 35
9 34
3 26
14 24
14 18
9 24
10 19
6 12
10 25
18 33
9 11
29 46
9 22
5 22
17 33
19 35
20 48
11 25
12 28
23 49
11 12
2 23
1 8
18 20
14 19
16 30
6 12
30 36
18 44
22 49
11 14
12 34
22 36
5 8
22 42
20 22
20 42
14 27
20 21
6 9
28 42
16 41
19 26
1 8
3 17
25 38
8 14
27 48
12 13
16 19
12 17
26 50
18 28
6 14
10 21
10 17
24 42
2 7
24 48
11 37
29 56
1 30
2 29
19 24
19 23
29 52
1 26
16 34
26 47
25 52
23 50
4 13
14 41
13 42
12 27
17 27
11 28
30 34
5 24
1 16
22 51
7 29
15 37
10 20
4 30
7 34
14 16
27 54
20 29
18 19
15 19
2 19
20 22
20 36
20 40
22 25
11 40
17 42
12 30
5 21
5 8
4 23
4 34
7 30
30 54
15 21
27 35
22 30
9 20
15 35
23 30
15 18
27 50
19 27
10 33
15 29
17 35
2 22
9 10
4 34
24 34
5 18
18 44
12 30
29 56
30 51
25 39
15 36
6 9
20 27
18 23
12 16
14 28
16 31
6 17
14 43
21 32
3 33
28 43
17 43
3 11
8 35
13 27
17 27
17 23
16 42
2 30
21 37
3 31
30 38
9 14
28 49
15 16
12 25
7 35
30 31
28 36
27 37
13 18
20 49
2 7
16 20
24 31
11 37
26 28
25 51
6 29
16 29
15 34
17 30
9 17
13 19
15 16
15 43
5 9
18 46
9 35
23 25
24 27
20 39
26 40
15 39
6 28
28 40
11 25
24 43
21 49
24 52
28 58
17 19
4 30
22 26
21 35
27 33
9 25
25 29
22 23
19 38
22 38
1 25
21 37
4 8
14 33
1 12
19 28
5 19
4 30
17 34
1 14
22 31
21 29
5 9
8 31
22 44
1 15
7 28
30 41
24 29
21 37
15 24
16 27
22 34
28 58
28 57
5 16
7 24
19 22
20 38
26 37
1 19
25 33
8 24
10 34
20 50
1 27
1 18
7 21
28 32
14 31
2 20
27 28
4 11
3 26
17 37
25 42
29 40
24 31
26 51
22 29
17 39
3 20
8 9
30 35
26 31
21 49
22 32
20 37
8 22
1 25
26 44
11 35
28 54
22 38
21 34
14 21
5 13
15 27
8 14
9 13
11 32
23 47
30 34
3 11
17 42
1 13
12 15
28 30
29 48
17 28
2 24
9 15
30 45
9 38
20 29
24 46
30 46
16 37
19 29
20 48
4 17
1 17
15 43
17 22
17 42
7 17
8 23
7 14
21 36
28 39
16 37
2 17
7 16
27 44
10 27
6 20
29 36
21 34
26 33
10 14
23 39
13 43
23 42
29 42
26 52
23 34
16 33
17 31
17 30
23 50
21 49
2 21
26 48
24 46
20 23
25 29
10 40
25 27
18 33
15 20
10 39
7 25
7 30
23 47
28 43
12 30
5 10
29 59
26 48
21 28
16 24
10 35
7 11
27 43
19 22
21 41
1 20
29 37
12 26
23 24
28 54
10 12
30 38
24 49
29 35
23 37
13 15
9 20
27 54
27 34
29 38
19 48
27 44
28 58
30 50
30 50
7 17
13 19
17 23
22 30
12 26
21 37
15 36
27 31
17 40
10 25
23 51
14 33
7 10
19 25
15 25
17 38
19 49
27 55
5 15
5 13
24 41
16 46
8 20
3 27
26 31
9 27
2 16
28 36
16 32
6 36
26 48
13 19
21 22
25 43
10 31
17 42
8 10
17 32
5 16
8 38
15 23
9 18
21 28
8 37
14 19
20 21
27 29
7 16
24 47
18 22
14 41
20 41
20 26
27 52
17 21
16 39
12 37
23 47
1 2
22 28
5 17
7 30
13 26
2 9
27 38
2 12
7 20
22 41
11 29
13 32
14 42
11 28
14 18
10 16
26 28
12 42
13 31
23 40
22 38
15 33
18 34
20 45
21 32
13 14
21 38
19 23
6 35
20 40
24 53
17 36
22 50
11 15
7 10
21 49
10 37
8 35
13 40
13 38
29 46
25 36
3 16
6 7
3 28
20 39
16 22
7 14
26 35
3 5
11 26
22 34
11 32
9 24
9 22
9 38
30 55
10 34
29 44
24 48
2 7
12 21
11 21
7 35
19 20
21 42
15 19
3 21
24 27
2 4
15 18
1 7
27 37
30 56
16 39
19 28
28 50
17 47
1 17
19 30
16 25
2 3
13 39
10 38
28 39
30 34
5 35
10 34
1 10
11 19
23 44
17 29
12 37
11 15
10 39
15 41
30 46
18 22
3 30
1 31
29 59
25 29
21 25
27 40
4 11
13 40
27 56
8 38
15 26
3 28
1 18
20 50
24 53
25 51
25 51
17 40
17 29
18 48
7 21
12 23
12 36
29 59
14 42
29 58
8 32
15 16
10 14
22 48
24 41
21 39
12 42
2 22
11 31
19 36
3 26
19 26
16 25
28 50
7 34
12 18
20 46
28 49
21 41
16 30
6 35
1 10
28 30
28 58
21 38
8 24
9 36
14 30
27 38
7 10
29 39
1 11
5 33
1 26
17 25
8 22
6 36
22 47
24 44
24 38
6 8
21 35
20 46
21 37
7 27
11 38
29 40
7 11
30 59
20 37
6 26
30 34
19 33
20 32
3 17
18 26
15 45
13 17
26 29
11 13
22 43
20 41
1 27
16 39
16 21
9 31
24 54
17 22
13 19
16 23
11 36
14 39
25 43
20 40
21 22
13 17
21 23
16 30
28 51
6 11
28 34
18 31
27 31
17 19
2 27
8 20
19 33
29 34
1 11
24 37
10 38
9 32
30 46
28 47
9 34
23 29
30 41
10 28
6 25
11 18
13 32
11 34
24 33
20 36
10 23
21 33
11 40
4 6
14 37
20 42
17 21
19 27
14 35
17 37
9 37
18 31
8 28
27 50
20 36
8 38
21 49
11 34
18 24
24 26
28 33
15 21
8 34
5 19
8 21
3 11
10 22
20 29
2 10
1 14
16 25
12 18
28 42
20 36
19 32
9 17
17 32
5 21
2 3
29 38
14 37
16 39
5 32
24 52
5 29
2 14
24 38
17 31
27 33
29 37
10 39
7 25
13 25
3 18
12 14
23 48
16 17
10 22
27 52
1 24
18 21
4 8
8 20
17 21
9 16
3 21
5 15
5 22
13 43
23 47
23 31
11 19
8 20
20 46
6 26
19 34
22 44
18 47
26 52
25 29
2 29
14 20
28 46
15 17
9 16
18 19
6 34
9 22
1 29
9 15
9 28
20 21
2 32
29 56
17 32
1 20
4 10
16 17
23 45
3 27
21 41
24 50
9 33
9 18
13 22
6 28
19 36
22 42
8 20
9 34
27 28
5 35
6 26
22 42
12 28
13 15
27 56
27 54
22 49
27 32
27 29
26 33
11 20
27 45
20 25
4 12
27 35
29 31
28 41
21 22
28 32
24 41
24 36
13 28
1 11
11 38
3 9
4 17
6 28
23 41
18 44
25 39
4 28
15 38
6 33
23 48
22 38
11 26
27 43
30 57
25 35
16 43
8 19
2 7
2 26
22 33
11 28
24 38
2 32
6 35
26 46
15 33
5 31
2 26
11 34
12 39
25 52
15 17
29 45
6 28
1 21
2 14
6 23
25 54
16 39
19 23
12 15
21 30
28 42
2 32
7 20
26 49
2 13
24 54
18 39
22 41
10 33
22 29
2 10
27 44
30 45
20 24
18 20
12 27
16 29
7 21
17 41
6 24
26 47
10 24
3 4
24 29
15 22
11 27
14 22
25 31
14 28
9 10
8 28
8 31
24 38
28 38
29 54
20 45
15 44
30 39
21 36
13 18
21 37
13 39
15 22
1 29
12 21
29 48
20 26
3 16
11 33
23 32
16 28
3 25
10 34
23 53
8 13
26 54
20 50
16 20
28 44
24 26
17 39
12 18
27 42
19 48
28 39
7 13
14 16
27 42
25 44
6 9
16 39
22 49
23 30
23 43
15 31
21 22
7 32
6 31
9 25
23 51
18 39
3 4
22 44
7 24
10 22
19 36
5 7
14 41
9 15
8 23
21 42
15 34
15 27
13 28
28 55
12 27
17 24
16 17
28 50
17 46
26 53
16 46
28 49
18 46
26 43
4 12
29 47
26 31
30 60
19 46
18 41
3 29
29 47
26 44
2 6
16 35
30 53
10 30
13 40
9 39
5 18
29 33
22 38
8 29
7 26
9 33
3 15
12 35
21 28
10 24
3 20
24 48
10 13
13 27
21 35
6 32
18 22
21 30
20 40
22 40
8 30
12 14
25 48
24 40
21 46
21 36
4 19
9 22
17 30
18 26
26 41
25 30
19 34
14 44
26 53
17 21
18 38
27 32
4 17
12 29
7 9
1 11
8 17
14 31
22 46
16 25
8 18
14 32
16 35
17 28
15 41
6 30
15 18
28 39
7 8
27 40
3 30
15 17
28 56
18 37
13 16
27 48
4 6
8 19
20 37
22 48
12 31
12 30
13 14
28 47
2 26
24 50
13 21
27 37
27 34
20 30
9 17
30 35
10 39
15 36
15 43
9 35
17 29
14 35
12 15
2 7
19 44
22 23
2 21
2 30
25 38
29 54
20 48
29 50
27 33
12 23
3 15
29 40
23 27
24 50
6 31
1 25
19 41
16 28
2 19
1 19
29 59
13 24
19 22
1 16
8 12
18 21
15 31
5 34
19 47
25 41
14 31
2 4
30 47
5 7
26 32
19 35
27 50
26 41
26 45
22 47
14 23
27 48
16 40
19 23
21 26
11 16
21 33
28 41
29 54
6 22
22 38
1 19
9 28
2 28
7 30
20 40
23 32
2 10
2 23
3 17
25 39
10 18
17 47
12 27
24 41
22 37
2 25
2 12
11 36
27 36
10 27
20 22
17 39
2 12
4 8
23 43
9 34
19 45
24 54
2 19
16 40
23 41
16 32
19 37
10 26
18 29
24 31
5 7
20 26
11 26
1 26
5 15
19 42
27 31
23 51
20 50
21 25
9 37
19 47
7 36
5 29
1 29
23 28
29 33
2 3
19 44
25 40
4 10
7 37
9 30
27 48
13 23
24 45
29 42
18 24
3 25
21 24
11 16
30 31
9 32
1 20
17 43
3 15
23 24
11 12
14 44
13 39
1 8
8 37
11 29
26 31
1 10
29 41
13 33
12 25
13 18
1 22
22 47
3 17
26 31
6 7
26 45
18 44
17 42
17 36
12 16
23 28
12 33
16 33
11 30
29 44
23 45
5 19
16 45
27 30
4 29
25 54
13 25
17 38
29 54
9 11
20 21
6 8
13 26
10 25
2 10
29 53
29 55
30 37
24 42
9 36
12 38
18 34
7 33
6 33
20 34
29 38
6 32
2 13
9 20
25 35
11 27
25 34
11 27
7 33
4 12
15 30
3 5
1 2
27 55
28 36
4 22
8 17
13 15
11 32
12 40
22 44
13 30
23 38
24 45
2 29
28 44
4 26
17 43
23 28
23 43
4 30
7 11
27 46
5 34
2 18
26 49
30 60
1 15
6 31
26 34
13 37
23 39
15 17
11 40
28 54
18 20
13 29
27 36
27 28
8 36
8 33
12 41
25 30
4 34
29 59
29 32
15 29
19 48
15 36
28 32
16 23
5 34
15 38
29 40
23 51
30 31
23 26
29 38
7 10
30 57
2 31
30 46
12 22
6 24
30 55
21 29
24 42
28 36
10 36
10 13
24 33
3 11
3 26
16 26
17 32
28 38
5 32
17 33
6 21
25 53
1 17
5 29
3 5
23 35
19 21
6 10
2 32
11 16
23 41
6 7
25 28
11 40
22 49
7 26
11 12
16 28
16 28
27 37
5 25
22 38
13 40
19 26
19 41
3 14
9 17
3 28
2 15
24 47
2 32
12 16
22 41
7 15
23 27
17 36
15 45
4 23
19 34
25 32
6 33
9 15
26 37
1 29
24 40
20 37
15 38
20 26
4 31
5 23
22 36
6 34
13 15
16 39
16 19
29 42
29 58
18 35
10 20
14 39
25 50
11 20
10 32
7 20
10 13
22 45
8 35
20 33
28 56
5 10
30 56
17 37
24 29
6 31
14 25
19 28
6 27
9 24
5 12
19 33
2 12
7 16
6 24
21 47
15 41
30 36
13 30
18 24
13 28
1 19
26 37
18 19
2 21
7 35
17 42
11 29
4 13
27 28
27 36
18 21
26 44
9 17
26 44
14 44
2 8
9 36
16 43
19 28
7 32
6 29
11 20
11 25
17 46
7 20
29 53
16 41
3 19
2 22
3 10
11 15
12 32
23 43
8 11
28 42
28 54
6 36
4 12
14 34
28 40
25 52
5 15
21 29
17 31
19 38
21 51
14 16
19 25
13 39
1 12
1 21
28 34
19 20
6 30
12 15
5 11
29 39
7 18
9 32
25 44
11 26
18 43
8 36
22 43
15 37
23 38
11 31
13 35
12 30
15 38
20 40
21 32
21 48
21 42
20 35
9 31
21 48
8 29
16 38
3 4
5 22
15 23
28 47
29 38
6 19
23 49
24 29
28 42
2 20
4 17
25 38
4 11
1 5
19 35
25 46
16 45
7 30
28 54
11 37
26 35
1 20
26 50
23 46
8 24
10 21
28 54
15 39
25 32
19 32
23 36
4 34
3 5
14 37
20 37
18 33
25 43
25 45
12 22
12 23
25 38
13 28
1 29
30 55
4 22
7 25
22 24
18 34
26 49
8 23
9 35
29 32
5 29
22 38
3 28
18 37
30 31
3 33
28 52
24 47
11 33
11 13
24 44
18 29
12 37
25 46
12 35
15 32
8 37
24 26
23 35
21 43
12 27
13 14
9 37
15 26
20 45
13 18
6 28
15 33
8 9
30 50
23 37
28 51
4 17
24 51
24 30
10 37
13 36
19 32
12 16
23 46
20 47
27 53
18 21
5 23
3 29
29 47
1 27
10 15
30 55
23 39
23 25
4 31
16 39
9 37
18 41
12 19
20 21
24 53
3 23
16 44
15 21
7 15
1 9
12 35
2 6
8 24
27 38
12 17
25 45
24 36
13 18
19 43
5 17
22 52
2 32
27 35
5 8
15 43
10 28
12 15
13 32
11 13
21 43
6 22
4 33
27 35
3 18
1 31
19 33
29 41
5 30
11 13
19 37
21 41
5 7
14 24
20 44
11 21
16 32
17 28
6 20
18 26
20 30
7 15
15 42
11 31
21 43
21 22
9 12
12 17
4 30
14 29
11 27
16 34
1 4
28 34
16 31
6 11
16 20
5 6
1 16
20 33
28 30
6 12
4 21
3 32
12 28
13 36
2 30
10 34
22 52
22 29
6 25
4 26
22 52
22 36
6 9
19 23
26 50
9 30
10 13
19 33
19 42
28 40
20 27
27 31
28 46
2 6
28 33
25 37
26 34
25 27
2 15
5 32
6 11
9 17
8 35
21 39
19 37
21 51
16 33
3 17
27 32
9 33
1 26
5 24
24 46
20 45
4 20
13 15
12 33
1 20
17 38
28 55
30 48
26 41
5 26
20 43
17 45
16 25
22 35
27 42
4 12
1 30
23 36
22 27
3 25
15 26
12 25
7 10
22 47
18 36
7 14
10 33
27 53
23 33
30 50
17 20
27 44
1 13
30 53
16 18
14 36
13 31
4 15
20 46
27 56
13 16
28 43
17 41
2 12
25 26
29 40
3 20
28 53
28 55
17 22
20 43
27 51
2 24
27 40
17 40
12 34
26 27
28 40
16 45
21 31
29 40
21 44
28 38
17 34
28 54
22 31
18 28
3 14
1 22
23 33
13 39
23 53
26 46
12 23
18 42
13 21
5 30
22 46
4 12
2 3
25 48
9 21
24 27
14 39
23 30
4 32
2 28
27 47
15 23
22 46
24 28
23 43
20 34
5 28
13 19
15 23
21 37
11 25
10 35
8 11
23 26
22 46
28 46
5 9
18 45
19 30
22 33
22 26
16 42
18 47
1 4
6 19
10 18
27 46
2 28
13 37
29 33
10 36
14 20
22 23
24 34
3 19
13 37
11 39
11 39
26 29
22 45
16 17
23 27
12 36
29 45
10 37
20 31
15 40
16 44
25 35
7 26
17 28
4 23
9 23
16 42
8 16
11 34
8 11
18 29
18 35
27 46
5 21
29 40
2 9
8 34
8 15
6 22
17 26
4 29
14 33
13 34
18 41
6 32
25 48
6 18
1 25
1 7
9 30
8 10
19 35
19 45
22 46
3 11
2 8
25 32
17 24
20 24
21 46
21 36
9 28
18 20
12 22
29 42
23 29
14 25
21 24
7 11
26 27
4 24
7 27
26 49
18 33
18 26
1 10
22 32
27 28
3 11
11 12
20 45
6 10
5 24
6 9
22 45
4 21
12 14
6 36
24 47
14 25
30 37
11 24
8 15
14 24
15 31
10 36
10 17
29 35
25 51
9 18
11 15
25 47
5 6
13 33
15 42
22 37
25 28
27 29
9 11
3 18
9 13
11 21
10 11
16 43
19 35
27 56
19 32
12 27
13 38
4 24
13 38
4 11
27 49
30 58
16 18
12 36
5 19
4 10
7 26
24 49
26 46
23 37
3 29
28 35
20 43
26 28
17 38
8 14
13 20
3 31
30 44
13 39
20 36
2 28
26 51
20 41
15 19
26 35
29 44
15 34
7 10
20 36
23 43
21 48
18 41
16 26
28 57
5 22
6 12
12 14
23 46
14 43
26 28
7 24
8 21
5 20
15 31
22 30
27 39
26 33
26 38
16 39
10 30
2 9
18 31
30 32
28 34
30 45
7 35
1 15
10 37
20 45
5 8
24 25
14 33
7 8
22 36
24 47
4 29
30 43
29 58
14 32
4 17
3 5
2 5
16 27
30 57
27 31
30 50
26 31
1 26
6 28
8 29
15 18
7 13
15 20
4 32
15 45
2 19
1 4
19 27
6 16
27 29
5 31
14 15
22 28
17 44
19 43
17 42
27 50
30 41
20 46
1 5
25 49
12 29
19 41
17 33
2 15
17 45
30 52
20 41
19 25
18 26
30 56
24 42
11 35
20 42
11 31
17 44
6 34
13 37
19 48
9 21
3 20
2 4
1 22
23 34
19 21
10 20
19 23
27 56
19 27
20 49
28 56
25 50
25 32
10 16
28 38
9 39
18 28
24 42
23 39
21 24
9 39
12 39
3 33
18 39
7 36
19 45
27 40
20 41
12 33
18 19
30 57
22 40
28 43
27 39
22 39
14 44
17 34
19 30
16 22
24 39
4 16
2 32
17 31
13 33
4 34
20 24
18 21
21 29
18 35
19 28
26 29
1 5
11 30
14 33
24 31
3 30
11 15
27 46
17 18
8 21
30 49
16 26
21 49
17 47
6 11
1 2
29 30
4 6
19 37
20 32
16 38
30 56
17 35
6 32
18 23
8 18
23 38
19 25
12 17
27 44
1 28
10 32
27 40
23 38
22 34
18 48
25 35
17 20
27 50
20 35
27 46
16 28
3 7
17 23
30 35
23 45
2 4
13 41
6 33
5 25
30 44
19 43
23 28
19 31
27 35
18 42
19 22
5 18
28 41
19 46
17 20
10 20
26 49
30 53
11 37
12 23
9 39
26 50
5 19
27 50
14 28
8 10
16 20
6 11
16 40
23 48
18 20
26 39
16 41
6 33
20 29
7 28
9 11
6 11
8 10
19 32
15 42
6 28
30 41
18 26
27 37
2 16
11 38
19 38
22 46
15 18
2 15
15 17
6 26
28 33
13 30
17 44
13 35
10 22
3 22
19 48
28 40
4 5
1 23
19 33
7 32
16 25
29 30
2 6
12 42
1 26
16 33
13 33
9 24
23 26
3 7
23 46
15 41
23 38
10 21
28 44
27 33
24 49
28 46
20 21
9 29
25 49
7 37
5 12
14 41
1 9
30 45
30 37
2 24
13 24
24 27
27 39
8 20
6 33
29 55
27 34
15 29
22 35
13 31
11 29
15 26
17 23
17 34
4 23
30 47
29 45
19 44
27 45
7 10
14 41
20 30
4 30
23 40
9 14
5 16
14 25
14 15
8 38
17 29
18 26
20 29
15 23
3 15
25 26
6 36
28 45
9 32
12 14
1 13
28 55
23 27
7 13
4 19
27 39
18 33
19 26
23 49
6 23
7 37
18 22
21 28
20 49
21 22
22 43
5 17
18 45
15 31
24 42
22 42
21 30
26 27
15 25
26 38
27 29
3 9
27 50
12 28
22 46
9 14
6 19
16 39
1 31
1 25
9 31
5 34
1 24
30 37
2 27
19 47
19 40
25 40
6 34
23 50
21 22
1 28
5 14
11 16
8 19
20 29
25 41
7 24
8 36
23 33
15 18
29 54
16 40
1 22
21 44
9 21
15 16
30 49
9 11
15 32
5 31
17 46
12 35
15 34
13 42
20 47
24 43
21 30
12 33
21 45
6 35
27 47
21 47
1 31
28 35
8 10
3 27
22 28
8 14
16 36
26 32
16 35
16 22
19 38
19 28
12 36
29 38
5 25
26 53
19 34
26 44
8 28
11 40
25 43
26 28
8 30
29 44
10 24
13 42
24 25
29 35
16 44
6 18
9 32
1 20
8 34
6 21
15 23
6 7
17 18
2 26
14 15
1 25
14 27
14 22
5 17
5 17
1 3
15 16
24 39
19 42
10 26
30 46
23 28
16 26
27 45
25 36
18 43
4 27
29 38
22 47
12 38
6 19
19 40
5 18
27 51
27 56
9 35
14 16
22 52
3 22
17 44
29 55
14 38
18 22
2 12
29 34
27 31
9 25
16 30
20 33
7 23
3 10
4 20
8 33
15 17
13 36
29 32
18 22
26 54
7 26
7 12
24 49
1 3
10 18
15 44
12 25
7 21
20 30
30 49
26 32
21 22
29 40
3 11
14 35
5 17
9 12
17 41
28 37
18 47
16 18
20 40
7 33
3 29
27 51
14 28
30 56
14 34
6 15
27 46
29 53
1 30
18 27
23 30
17 27
6 30
3 28
13 22
12 20
26 56
1 3
13 43
27 46
19 22
27 35
13 38
23 36
15 25
13 20
17 38
8 22
15 26
30 49
11 22
26 55
10 37
30 44
18 44
2 31
20 48
28 31
14 34
7 36
21 41
27 56
10 15
12 28
7 18
5 14
13 35
7 21
10 16
28 56
24 53
18 31
19 34
7 9
26 40
22 38
25 44
7 33
23 33
12 33
21 29
29 54
21 27
9 10
3 9
20 46
26 33
1 7
13 20
8 16
12 41
23 29
9 30
24 25
1 28
21 34
26 46
7 23
17 32
8 27
12 39
7 15
25 54
5 12
27 39
14 23
3 32
6 17
19 40
4 15
17 33
23 35
27 57
20 33
14 41
24 42
16 38
17 27
20 41
9 25
25 39
16 43
12 26
29 52
4 28
3 24
10 36
24 30
17 30
11 33
2 6
9 26
17 42
18 46
16 42
5 7
2 23
28 33
26 44
27 56
12 34
11 32
9 14
18 43
9 37
8 18
23 40
18 27
3 9
6 16
23 34
11 35
23 31
29 47
18 35
8 37
30 49
11 41
15 43
16 31
26 50
25 43
10 14
19 31
9 33
22 46
4 28
17 35
2 9
5 16
24 37
9 24
23 42
15 44
16 46
5 8
23 44
21 45
25 34
28 31
24 35
26 46
4 9
7 34
11 23
7 33
16 23
3 33
25 42
20 23
16 40
5 6
15 32
16 25
17 30
3 14
23 44
30 49
25 53
15 42
1 23
15 23
28 45
7 22
3 21
9 19
4 9
2 20
22 40
18 48
22 34
2 17
2 25
25 43
21 30
15 36
22 43
29 41
7 34
26 27
7 33
2 12
30 34
19 32
13 41
13 17
9 23
10 21
7 11
28 47
5 9
1 27
24 53
7 29
18 42
22 38
19 43
25 44
19 24
1 24
2 7
18 28
11 39
12 21
23 33
27 54
5 32
15 36
18 39
12 39
7 11
12 37
19 25
5 34
2 30
21 24
2 32
4 16
19 35
20 32
17 25
30 51
5 19
11 33
27 42
18 21
18 39
19 47
18 42
18 37
21 51
21 43
29 53
26 44
9 16
21 38
15 35
8 27
26 36
2 16
24 35
8 11
1 27
22 40
19 28
6 7
8 26
23 52
11 21
16 28
16 44
28 58
9 36
10 36
29 40
9 23
21 37
9 22
4 34
30 52
1 28
23 53
14 21
28 45
8 13
20 43
2 11
23 34
28 30
6 32
5 12
9 26
14 23
30 47
9 30
1 2
18 33
30 31
13 33
9 29
16 44
12 30
7 33
20 24
20 37
21 45
23 44
10 17
30 31
15 23
22 37
30 39
21 50
1 4
10 20
22 48
29 33
13 18
29 53
30 40
10 22
3 28
3 8
23 25
27 34
1 19
14 44
18 22
20 39
7 37
20 48
25 43
23 52
15 29
22 28
23 46
18 36
9 29
14 15
13 23
8 21
28 41
12 27
16 39
25 47
22 36
12 28
24 28
6 14
9 28
13 15
4 26
19 31
11 35
13 36
3 15
27 57
24 32
7 16
1 2
23 37
7 33
22 52
21 48
29 59
16 27
1 12
25 36
22 27
4 8
20 26
15 31
28 58
16 42
1 9
26 41
21 45
10 22
23 53
1 22
29 37
24 45
18 36
23 32
14 40
5 8
24 35
11 24
11 37
8 11
25 50
17 24
19 45
11 14
17 28
16 32
10 11
28 55
10 31
27 50
8 9
18 19
4 24
5 11
15 27
8 9
29 53
7 24
11 28
11 38
19 45
4 32
18 20
16 43
14 27
20 41
5 34
14 44
18 36
5 29
22 34
24 44
27 49
6 13
9 17
26 53
26 55
17 30
22 24
10 37
6 27
18 29
11 34
2 22
10 17
13 14
18 46
20 35
11 28
13 32
25 33
8 20
29 53
24 36
17 42
1 24
7 25
25 42
10 36
6 17
2 12
12 24
29 52
18 28
2 32
28 46
30 57
29 49
12 26
1 30
9 10
21 28
10 17
24 35
2 23
14 18
1 18
7 36
9 33
8 18
23 51
27 41
16 33
3 31
1 27
18 19
18 48
7 35
6 36
30 37
13 26
2 7
29 37
3 33
1 4
1 17
22 50
29 58
6 8
18 24
19 24
6 12
4 17
3 12
4 29
8 24
29 38
20 48
9 24
19 20
9 28
16 38
8 15
20 34
30 38
19 37
4 29
23 31
29 47
8 32
12 27
2 12
16 37
29 45
27 44
16 43
6 30
10 23
22 44
26 47
21 28
8 32
23 45
23 44
9 10
6 18
7 14
14 28
20 32
29 45
21 28
5 23
22 36
22 35
27 37
25 42
16 40
11 19
15 40
20 36
25 50
27 51
2 12
7 28
14 42
28 32
26 50
21 38
30 34
21 47
13 20
5 25
30 37
19 33
1 9
29 55
25 43
11 29
27 44
30 40
6 25
5 6
13 30
9 13
21 42
21 46
27 52
15 41
1 4
2 4
3 25
19 46
9 38
6 34
7 12
29 42
15 19
5 32
12 18
22 46
26 39
19 34
7 32
2 32
27 30
23 44
17 28
17 42
1 15
14 21
10 23
11 36
8 24
21 32
13 18
5 35
17 40
14 29
17 33
6 11
10 38
26 44
30 34
5 35
18 36
29 48
22 31
13 34
16 20
2 30
30 36
20 36
20 23
22 50
10 38
2 14
17 36
29 46
23 26
16 18
13 27
20 24
15 18
25 55
28 54
20 47
1 10
4 16
3 20
9 14
6 16
16 39
29 35
9 22
9 25
6 19
22 39
16 22
11 21
27 35
27 43
26 45
16 37
30 49
30 38
15 20
10 40
27 57
27 54
4 9
13 22
9 13
25 50
9 37
26 31
27 42
13 36
3 23
5 30
8 12
2 24
1 4
13 32
2 12
16 21
6 34
5 20
23 45
1 2
19 37
27 42
2 3
29 34
21 25
29 49
29 51
4 25
25 41
10 28
17 42
23 38
14 41
21 27
18 39
6 12
8 32
21 23
25 44
6 13
14 40
26 31
9 38
25 28
7 11
21 36
20 25
21 24
23 34
8 11
23 28
30 53
29 41
24 39
23 44
13 19
16 24
2 26
29 48
19 24
22 23
11 15
27 29
6 25
12 26
13 40
18 31
19 27
24 28
14 30
24 42
14 15
26 41
24 40
3 7
20 37
26 48
20 42
23 48
3 30
30 45
23 33
27 30
9 30
6 21
28 49
2 13
21 40
18 24
4 16
10 25
20 25
7 16
27 48
26 55
17 34
5 6
26 28
3 30
14 44
11 22
20 32
14 24
1 24
16 20
26 43
19 35
21 38
16 25
7 10
29 53
20 46
16 23
27 46
3 13
10 23
12 42
17 34
1 10
1 9
4 31
24 38
4 11
30 41
7 14
14 42
22 47
23 52
1 12
9 35
12 31
30 53
10 18
2 12
16 40
10 30
20 45
3 18
1 4
26 56
1 10
27 41
25 36
12 37
21 34
12 14
1 13
16 18
19 28
3 30
3 15
16 30
7 25
29 58
12 28
28 32
16 32
9 19
18 31
26 34
25 33
1 18
11 28
18 39
25 45
17 36
2 4
3 33
12 35
28 43
8 34
11 34
3 22
2 23
23 50
28 37
26 47
25 31
7 19
27 50
2 15
12 37
7 13
24 42
28 41
24 29
8 12
19 22
15 35
23 30
8 20
8 12
2 4
9 39
6 11
15 44
10 36
23 39
1 9
25 45
20 38
24 44
22 34
14 42
23 29
26 48
9 12
25 28
27 53
24 26
22 30
30 31
25 39
16 33
13 15
6 8
20 41
13 16
24 50
30 46
23 40
8 32
20 44
26 42
19 30
9 20
11 19
11 16
13 32
22 47
20 39
18 19
10 11
25 28
26 50
11 22
3 13
4 18
3 24
21 35
1 30
24 35
28 54
8 18
6 35
26 44
9 22
10 28
13 18
13 14
20 43
11 33
24 38
5 23
4 29
1 27
15 31
29 41
4 10
13 22
26 34
18 22
21 49
22 25
2 28
25 46
10 15
5 8
10 11
12 17
26 39
23 33
20 41
14 29
26 52
24 45
4 7
16 40
22 29
18 41
24 37
6 9
9 19
5 16
2 11
15 42
21 50
29 31
19 23
17 23
29 31
26 50
4 16
9 35
10 29
10 36
23 30
28 29
8 33
3 13
3 13
28 43
8 34
16 43
21 45
2 22
25 45
5 26
23 37
8 32
2 11
19 43
16 33
16 31
11 30
24 29
20 42
19 46
9 13
23 45
20 37
3 9
28 35
26 46
12 37
13 26
26 50
28 31
10 16
17 29
16 19
16 21
16 42
1 17
29 45
7 17
24 33
16 37
16 19
10 37
20 34
2 17
7 28
9 17
26 51
11 22
19 37
15 19
13 21
12 16
23 41
13 29
27 55
28 32
23 30
22 34
12 27
18 29
6 32
18 19
20 41
4 5
8 18
26 39
17 24
16 17
25 53
8 21
18 23
8 10
3 32
13 28
14 44
25 36
17 21
3 31
16 22
28 52
8 32
28 52
30 43
17 33
2 26
28 39
21 26
12 35
26 42
7 8
7 30
11 34
27 40
21 25
11 21
27 37
3 27
25 50
28 39
10 40
27 57
10 27
4 18
9 30
29 45
21 27
8 31
20 46
28 38
30 38
12 30
17 31
4 15
30 53
14 24
22 32
9 33
26 30
29 33
25 52
11 26
24 35
30 44
28 55
15 34
26 44
29 41
2 26
14 15
16 35
2 32
28 38
15 30
14 27
11 41
1 22
6 31
23 28
30 51
1 7
1 27
24 53
29 46
22 27
9 17
23 34
7 20
20 41
27 52
25 32
24 49
20 42
11 23
26 36
24 43
8 33
14 15
23 28
9 24
9 26
14 37
27 39
5 14
24 48
25 43
30 41
12 23
2 25
23 50
24 40
15 38
10 31
23 48
17 40
9 34
10 24
9 37
25 31
28 46
29 52
27 47
25 55
1 27
22 45
14 22
30 51
30 32
3 18
26 45
7 33
5 13
9 22
28 53
10 35
4 12
9 39
20 23
29 49
28 41
4 8
12 37
24 35
26 52
25 38
6 30
8 18
23 31
22 42
24 48
15 42
1 24
18 38
18 35
1 8
21 47
10 12
21 46
12 20
12 41
21 38
14 42
26 32
28 38
18 39
3 5
18 43
16 21
15 18
13 20
10 13
3 14
26 41
6 14
22 39
28 40
4 15
2 31
8 37
30 55
19 21
18 46
27 53
3 6
28 35
9 38
10 13
2 7
9 16
4 5
15 38
4 22
25 30
9 12
3 11
19 33
2 9
11 39
2 7
22 43
12 34
12 25
25 38
9 34
11 16
25 50
27 48
13 35
25 38
16 36
20 24
25 38
2 7
10 35
10 11
16 29
23 42
25 34
1 26
3 6
29 49
27 53
2 3
17 35
13 37
7 32
27 28
7 36
28 37
15 44
1 31
11 34
10 37
23 25
21 39
4 24
29 30
7 37
23 38
17 23
8 24
22 26
8 36
24 29
28 37
25 54
30 35
13 23
23 29
11 17
