2 9
3 10
8 12
2 10
5 13
4 10
8 11
8 12
2 9
5 11
8 10
3 4
8 9
3 10
5 13
6 12
6 14
5 10
3 9
5 13
5 13
5 9
2 6
8 11
2 6
8 9
5 8
2 6
3 7
2 9
4 11
5 6
6 7
6 7
6 8
8 10
1 5
6 8
7 12
4 12
8 12
8 12
6 7
7 15
5 6
6 14
7 9
8 13
2 7
5 12
6 10
1 7
7 13
7 12
2 5
4 5
6 9
4 7
4 6
2 10
2 9
7 8
1 7
5 7
3 4
1 9
4 5
6 8
6 10
6 13
6 7
7 10
3 5
5 11
3 9
5 10
5 8
5 10
1 2
6 9
1 7
2 6
6 13
5 8
3 5
1 9
2 9
3 7
8 15
2 5
5 11
7 8
1 4
5 6
3 5
3 6
8 12
6 11
3 5
8 13
3 11
4 8
7 13
7 13
5 13
8 9
6 12
1 7
8 13
6 8
6 14
4 9
3 4
2 7
2 3
1 5
8 13
7 13
2 8
4 10
5 8
6 8
1 7
7 15
2 6
2 10
3 8
4 10
