3 10
7 9
1 10
2 7
5 10
2 8
9 10
7 9
8 13
1 6
6 13
3 13
5 9
6 8
10 19
8 10
5 9
5 12
2 10
3 9
2 8
3 5
6 7
4 7
6 12
8 9
2 4
10 16
7 12
10 16
5 12
9 10
2 5
9 12
2 4
1 4
7 12
4 9
6 15
7 10
4 10
3 10
9 13
5 10
10 16
10 17
4 12
7 12
2 10
9 12
1 2
5 12
6 7
3 6
1 11
5 12
7 16
3 9
4 11
2 5
2 4
9 16
1 9
1 4
5 15
5 10
2 4
3 12
4 10
1 5
7 14
10 13
7 12
10 20
3 5
3 10
3 6
3 6
10 14
7 13
5 9
10 16
7 12
7 17
10 17
5 11
6 13
10 14
1 11
6 9
1 11
9 14
2 6
9 13
7 15
9 12
1 10
10 17
5 11
8 12
5 9
1 3
10 20
5 7
1 11
5 6
9 14
7 10
8 16
6 12
5 9
10 17
4 14
5 13
5 7
3 4
7 10
2 9
3 12
8 11
10 14
6 7
1 5
3 11
3 11
6 13
3 8
3 12
4 13
8 9
2 3
1 10
3 8
7 14
3 7
2 4
10 19
2 12
4 8
9 16
3 7
5 13
9 19
6 10
8 13
4 14
5 12
8 18
1 7
8 13
9 10
6 16
1 11
9 14
5 13
1 11
1 6
7 8
6 10
5 9
8 18
3 8
6 8
4 12
7 10
2 9
4 14
7 11
9 16
8 13
6 16
4 13
7 17
9 11
5 8
7 10
5 14
7 17
2 4
10 20
4 7
7 14
2 7
3 5
1 3
7 16
2 12
7 17
2 7
3 9
10 20
10 14
10 16
5 7
9 13
1 4
9 18
1 3
3 6
4 10
5 7
4 12
3 5
9 15
6 7
2 9
10 13
10 20
1 8
3 12
2 5
1 11
4 6
2 8
6 13
3 5
10 18
9 11
9 16
8 13
10 11
3 12
5 10
10 15
1 3
4 6
7 13
4 14
9 16
7 12
3 5
6 8
9 16
5 13
3 7
4 6
6 14
3 4
2 6
5 7
8 18
6 12
6 15
7 11
7 10
8 17
6 12
2 7
2 10
4 10
2 11
10 19
6 8
9 17
7 13
1 5
