5 9
9 16
6 7
3 12
12 19
2 3
6 16
9 16
12 13
9 11
10 11
3 9
3 7
3 4
9 17
2 3
11 22
8 16
3 5
5 8
8 18
3 9
7 19
12 22
4 12
12 13
8 10
10 12
5 10
6 7
12 24
6 9
10 11
10 14
2 8
6 8
4 13
7 9
12 18
12 15
5 8
7 19
8 12
6 18
8 19
4 16
10 11
2 13
1 4
7 10
9 21
8 12
8 10
5 16
7 15
1 4
10 17
2 7
3 14
8 10
2 6
1 4
4 6
6 15
5 17
3 4
11 21
4 15
11 23
9 18
8 10
11 20
12 16
6 8
7 12
4 12
12 20
10 18
10 17
4 10
6 12
10 19
7 12
7 16
4 7
9 12
8 15
4 12
2 11
1 9
5 13
7 12
4 13
12 17
3 6
2 3
12 23
9 19
3 6
6 16
9 11
1 6
12 20
4 5
4 12
1 9
8 19
12 15
7 10
7 17
9 17
2 10
10 20
9 21
12 14
1 9
7 8
4 10
12 23
11 14
7 10
3 5
1 7
4 12
9 11
9 18
1 11
9 19
7 12
1 11
7 8
5 6
6 7
11 16
11 20
12 21
11 13
10 21
11 16
10 21
10 16
8 18
3 7
11 12
8 19
10 16
4 11
7 16
11 16
5 14
5 9
6 9
9 16
5 13
12 15
10 11
8 13
11 14
12 13
7 15
4 9
1 8
3 14
7 8
7 18
1 12
7 13
5 8
5 15
2 10
12 16
8 19
8 18
1 9
11 23
7 9
8 19
12 22
10 16
2 10
8 10
11 13
12 15
9 13
4 6
11 14
5 15
6 11
8 18
4 14
9 19
3 7
12 14
1 2
11 17
9 19
8 15
12 23
1 13
6 11
5 13
11 21
5 9
6 10
2 11
1 11
10 13
2 11
8 14
2 12
4 14
8 11
8 19
1 9
10 16
4 6
1 4
3 12
10 22
1 12
12 17
9 10
8 10
10 17
11 14
5 7
12 24
8 19
10 18
6 17
5 7
4 13
4 15
10 11
10 20
4 14
2 6
10 11
9 20
8 15
1 5
1 5
7 15
2 10
8 20
6 10
1 10
5 13
7 9
12 21
11 14
6 10
10 17
5 11
6 10
5 15
7 16
2 7
8 15
12 15
6 11
11 17
5 8
5 9
4 13
12 18
3 12
9 10
7 12
6 10
8 10
2 8
10 17
10 16
1 2
12 23
5 15
8 10
4 5
5 12
9 17
12 23
8 9
11 13
5 14
6 11
10 21
2 14
5 9
5 14
4 8
7 8
6 9
2 11
7 17
8 11
9 20
5 13
3 11
9 17
8 14
4 9
4 9
4 16
12 24
1 5
8 19
4 5
1 10
1 8
6 18
1 7
11 21
1 2
5 6
12 24
7 10
8 10
12 16
6 17
7 13
6 8
4 13
6 15
9 16
7 13
10 22
11 19
9 20
1 6
4 16
4 14
7 10
3 13
10 18
12 17
5 11
6 7
2 14
9 20
10 17
4 11
6 13
7 9
9 16
6 18
10 11
1 9
8 12
5 10
3 12
1 9
2 9
12 19
10 22
5 12
6 7
5 17
11 22
5 12
9 12
11 18
7 18
6 8
2 5
11 20
11 22
4 16
9 16
6 12
6 9
4 15
7 16
2 7
11 22
11 19
1 10
2 13
12 23
1 6
1 4
1 12
5 13
10 12
2 6
11 18
10 13
6 10
3 14
8 9
9 19
8 17
11 12
8 18
12 24
2 14
6 9
3 13
10 22
11 15
7 9
10 14
4 11
11 17
6 12
10 12
4 10
3 9
10 12
3 12
1 9
1 11
2 5
7 11
6 16
7 12
11 15
12 18
11 22
11 15
8 16
9 12
5 16
8 11
12 14
3 7
10 17
1 4
9 21
6 13
1 13
3 14
4 6
4 10
4 10
1 13
5 14
6 8
8 10
4 15
7 17
3 11
5 12
11 16
10 14
11 21
4 5
8 19
7 10
8 18
12 20
1 10
4 11
10 13
12 17
2 8
6 14
2 12
2 14
3 15
7 12
9 11
10 19
12 16
3 14
5 12
6 16
3 5
8 12
4 11
12 17
4 9
12 21
7 13
12 21
5 12
1 6
12 14
5 17
5 17
10 12
6 14
11 23
9 19
7 19
8 14
9 20
2 10
12 20
5 16
8 9
9 18
6 15
10 12
12 19
1 2
12 22
12 14
9 17
11 14
8 14
12 20
8 10
3 10
1 13
10 19
12 22
9 18
10 20
11 12
8 11
2 9
