26 65
31 82
101 12
8 35
90 41
52 86
97 13
40 65
72 39
114 69
76 67
115 45
4 36
119 89
66 61
80 83
117 110
44 97
113 51
11 83
83 55
48 59
67 87
115 18
117 100
78 72
47 72
108 50
107 99
11 44
31 90
6 27
79 49
3 63
91 6
25 53
60 72
103 6
31 89
15 19
69 93
83 115
36 62
36 15
40 46
58 70
15 56
88 85
96 83
28 67
88 52
111 19
116 86
16 18
54 22
36 114
106 110
100 22
52 16
36 83
53 85
33 68
20 112
24 116
74 51
54 33
95 36
51 82
1 58
99 47
80 6
32 57
108 12
78 39
19 105
1 71
70 25
10 81
17 34
76 82
76 1
115 42
37 37
3 29
95 93
67 46
99 99
94 86
102 44
116 112
28 116
62 89
13 64
50 21
89 117
102 36
118 96
78 34
13 80
62 99
53 9
16 23
99 109
100 80
32 95
63 52
82 4
20 86
59 69
106 19
58 88
55 55
63 4
88 67
83 21
45 7
21 52
21 119
33 112
70 64
86 12
107 40
8 7
5 58
67 111
77 4
70 3
58 12
6 17
79 80
30 115
79 50
47 99
41 71
91 110
14 48
114 113
79 113
119 76
50 57
66 118
61 15
120 110
18 5
119 88
85 28
83 35
69 1
13 109
63 95
91 68
15 76
60 93
68 58
48 109
107 105
107 47
111 98
28 1
95 18
88 51
45 42
85 106
34 89
94 96
56 56
44 70
11 103
34 78
33 74
59 19
50 37
57 41
14 76
33 108
94 112
30 10
34 114
115 59
83 89
27 10
24 70
79 27
44 104
96 68
57 34
86 107
70 14
19 76
90 51
55 55
42 85
64 67
70 59
118 24
19 24
33 34
93 103
60 8
87 28
76 23
61 33
9 3
47 19
78 8
61 4
62 95
88 117
41 30
55 38
53 65
61 86
91 25
68 22
25 26
49 92
49 110
4 49
104 42
68 61
41 120
64 94
94 24
91 15
53 25
44 97
82 97
54 52
113 114
73 17
19 114
108 67
103 104
108 86
17 47
18 50
46 73
23 20
88 113
26 12
10 69
109 91
37 42
14 30
35 78
38 46
71 18
112 45
113 99
2 1
17 19
50 63
84 73
82 51
65 107
63 74
47 43
36 76
84 41
105 111
119 14
36 69
23 19
106 15
110 107
16 6
118 65
68 81
9 21
3 74
7 65
19 46
107 47
1 63
87 97
45 85
102 80
26 5
90 11
19 79
117 26
77 114
83 24
66 91
45 69
44 43
13 55
80 112
101 80
46 67
48 90
32 30
41 49
26 10
59 44
81 47
62 37
41 24
52 106
114 96
46 30
11 59
84 90
42 64
42 87
2 81
48 25
102 88
73 7
89 11
43 49
58 104
77 90
119 9
67 112
96 113
13 98
43 96
60 76
31 93
42 25
53 81
49 27
48 2
33 8
4 75
49 61
50 5
22 48
13 89
32 101
81 44
78 115
12 17
70 34
109 103
58 34
63 107
60 102
108 92
109 111
39 29
44 80
34 65
8 38
25 31
18 97
74 88
91 85
96 40
119 77
14 56
110 68
34 41
49 13
4 30
116 42
58 39
114 83
95 1
1 120
31 10
96 96
97 59
61 65
98 51
21 104
98 10
51 12
50 92
24 45
1 11
79 50
49 72
13 16
64 13
15 86
14 102
61 111
40 113
55 10
35 67
113 13
76 35
16 117
6 39
33 118
50 111
48 90
62 60
97 5
64 111
90 77
85 23
59 116
15 105
5 50
51 109
62 118
24 69
106 21
107 19
19 28
9 66
110 71
117 86
67 60
69 37
8 25
59 67
20 65
51 25
114 102
5 47
91 20
115 77
41 94
95 59
113 103
4 94
45 120
52 112
51 120
20 58
16 70
4 35
14 47
51 120
20 56
38 110
75 25
66 107
118 32
45 102
7 40
68 51
31 119
34 81
110 53
19 5
2 14
39 16
52 82
7 71
17 44
53 83
68 110
70 57
22 106
31 28
26 98
70 56
88 104
9 77
36 19
73 30
32 103
45 76
64 43
26 72
86 78
27 26
68 88
82 81
73 112
108 98
81 49
26 48
32 34
116 60
52 68
89 75
51 13
22 114
47 48
58 12
117 84
37 56
51 111
16 3
94 115
93 55
44 110
94 67
15 90
6 58
37 94
4 87
98 26
73 24
73 10
28 61
85 56
109 15
46 4
9 20
111 101
66 26
82 39
92 96
120 98
33 37
63 37
115 41
62 59
64 6
60 91
58 24
27 46
38 64
42 39
75 24
11 20
49 93
51 12
68 50
101 93
78 44
1 73
84 54
11 19
51 71
102 108
86 120
26 116
55 59
34 10
82 44
21 2
16 63
13 76
113 114
48 70
29 40
14 104
93 17
2 23
79 95
2 44
94 27
31 29
85 64
30 38
108 50
39 115
113 44
62 97
37 101
38 57
20 52
40 112
60 41
6 18
8 8
53 101
34 84
1 111
19 22
28 118
72 59
113 56
102 46
32 18
27 61
66 38
112 105
22 43
17 27
52 24
34 105
117 60
60 117
50 78
19 69
76 82
7 60
17 108
105 40
117 3
100 62
41 84
38 62
6 55
88 58
78 114
34 74
53 93
63 94
50 73
34 117
26 41
56 42
20 41
73 17
35 44
70 75
7 108
16 5
42 96
54 111
89 87
65 13
51 119
98 92
71 11
89 96
43 24
9 63
56 73
71 91
116 20
45 115
119 53
119 40
20 44
23 108
10 79
112 52
77 89
23 19
99 111
106 22
7 114
76 62
58 26
32 53
45 69
39 36
113 37
67 12
72 89
111 73
47 102
4 115
62 27
13 40
17 118
53 15
103 120
77 40
25 100
85 62
40 3
97 32
40 43
35 103
12 25
56 50
118 59
45 59
85 57
91 94
47 15
108 29
15 56
69 39
36 33
100 67
35 68
99 66
111 13
49 114
30 104
35 27
42 79
86 119
8 56
84 54
70 63
74 76
119 22
115 26
46 86
92 73
26 70
10 8
75 58
113 96
33 27
2 67
98 79
57 105
6 20
30 68
82 103
23 72
117 9
97 34
87 69
106 112
10 116
119 76
45 111
51 70
17 45
16 114
115 64
90 1
75 111
60 28
86 82
100 74
91 76
107 49
16 85
40 26
80 38
101 116
28 24
65 36
60 72
22 54
7 103
54 81
94 113
109 51
67 88
4 29
35 110
77 51
74 116
76 25
25 48
13 44
63 69
79 2
21 92
56 19
75 101
100 40
94 88
82 32
47 85
60 81
66 8
3 12
115 70
36 19
118 48
62 60
117 12
54 9
104 109
27 50
89 118
81 54
77 42
85 3
6 16
76 63
15 78
74 9
20 102
27 17
21 88
68 9
100 113
9 75
101 36
4 62
25 84
115 102
5 72
96 2
79 43
64 94
1 10
102 20
111 1
28 11
80 87
20 51
80 28
5 52
55 120
113 80
75 100
53 79
51 20
72 1
63 8
94 55
17 68
66 7
60 93
9 19
51 28
70 2
48 66
54 102
66 46
53 12
25 97
91 67
117 34
68 59
41 33
113 49
92 58
55 31
22 64
42 64
83 103
66 10
48 111
104 105
28 28
117 53
5 79
111 1
104 50
51 17
83 43
65 46
92 120
69 105
55 110
40 17
84 105
19 3
87 2
100 115
29 88
39 25
46 29
17 21
79 67
37 33
101 102
70 64
93 18
48 27
119 88
35 82
64 53
85 23
46 64
17 67
31 55
83 68
75 100
80 33
46 117
57 27
98 7
82 70
16 10
88 15
89 2
96 24
47 52
46 92
107 54
30 9
100 113
76 55
92 36
79 9
24 16
27 1
14 109
62 29
110 29
43 70
30 11
85 76
54 3
40 41
56 61
49 36
45 117
82 8
24 40
17 47
47 35
39 60
23 100
81 4
120 115
65 29
5 30
97 59
24 8
91 71
68 11
98 113
7 59
120 22
99 8
60 25
43 90
77 57
61 37
61 60
31 117
81 28
26 57
78 49
56 48
112 3
58 89
107 57
28 99
70 6
98 10
22 20
91 90
69 32
6 1
91 29
117 51
48 15
99 5
55 34
44 46
29 93
15 7
29 42
97 91
39 75
100 52
86 70
22 34
101 19
26 64
39 23
106 86
29 85
82 83
110 5
9 18
98 15
17 118
56 113
88 86
67 59
17 33
9 30
58 101
41 84
36 79
98 22
37 6
98 118
88 87
115 88
97 92
102 113
89 37
105 49
114 52
107 3
76 107
32 13
80 64
96 115
23 73
16 51
78 105
40 38
72 34
5 48
5 107
40 86
15 16
14 9
67 112
11 22
99 34
27 58
98 2
52 112
67 60
42 16
36 81
53 107
115 58
26 111
44 57
68 58
73 73
58 19
65 68
33 43
102 59
92 71
52 15
62 110
74 103
6 110
55 58
88 41
107 114
32 22
50 99
72 114
44 9
5 108
69 37
22 50
87 113
112 10
7 53
120 73
27 5
54 81
54 21
2 33
6 25
54 48
3 5
41 38
14 45
25 82
73 46
3 39
38 106
41 37
38 40
109 64
36 42
16 81
62 17
113 60
