73 25
115 10
57 103
69 28
35 54
24 6
31 119
24 41
106 61
73 106
48 85
11 21
4 119
15 34
46 90
60 118
106 46
119 34
28 67
62 54
113 85
60 15
83 83
56 61
23 120
46 62
76 48
75 79
38 89
105 83
51 44
72 28
89 71
62 108
9 115
42 113
79 101
8 34
63 55
94 77
54 11
10 9
58 84
79 95
45 63
49 95
106 120
2 66
62 55
46 63
49 79
55 120
59 54
33 113
108 118
61 33
8 70
41 57
26 112
31 70
54 79
44 32
70 37
89 12
92 14
74 12
92 8
11 22
54 35
6 41
32 66
66 31
8 106
87 33
97 109
102 23
59 17
54 9
53 14
20 24
20 85
36 111
84 38
5 17
73 10
50 96
68 115
7 75
92 85
107 61
66 80
83 4
96 8
4 28
21 15
44 40
99 71
23 63
108 19
71 60
20 120
28 87
106 26
41 70
110 19
10 47
98 84
43 65
91 46
93 103
61 8
15 39
78 29
93 65
47 44
117 66
35 24
25 13
41 57
82 22
76 91
69 45
46 111
110 8
36 74
102 88
81 116
119 38
16 91
94 62
6 82
120 33
97 24
45 17
80 6
39 27
88 107
64 5
89 53
12 116
6 113
84 86
101 82
115 116
44 80
58 42
42 49
74 18
72 110
27 23
107 65
42 66
43 105
70 3
29 81
118 34
65 73
111 45
26 97
41 70
56 98
103 97
18 56
107 81
37 13
103 23
69 16
88 111
120 37
113 20
109 102
53 53
55 35
98 80
11 18
21 67
107 3
35 4
50 21
84 86
25 58
108 93
66 67
75 57
95 59
77 83
41 1
8 95
36 105
46 38
114 67
96 92
69 11
95 119
23 50
76 40
99 56
12 36
2 79
93 97
17 49
51 57
49 58
23 76
34 69
114 27
7 89
118 75
91 84
65 106
5 13
25 96
68 28
11 61
106 103
29 115
23 80
43 64
9 58
19 43
6 12
61 4
93 51
70 63
6 7
48 3
19 72
90 78
92 100
18 69
75 47
63 89
118 106
32 6
43 51
40 40
54 93
43 26
15 104
89 12
110 16
14 8
80 103
85 43
75 95
111 21
21 54
101 10
31 13
7 73
55 47
104 108
11 18
14 25
1 102
36 111
109 42
110 60
16 67
102 82
41 93
102 53
18 75
62 48
87 68
112 21
106 95
8 116
104 21
12 104
114 40
86 95
81 68
34 88
14 8
50 54
100 23
106 109
97 39
36 63
106 27
75 92
113 75
79 96
87 91
71 81
2 29
47 74
96 80
41 101
79 90
34 58
113 11
38 81
41 73
16 26
99 90
109 91
36 68
58 3
30 1
75 31
29 1
104 116
80 16
96 39
106 1
88 90
11 6
42 43
70 57
68 49
19 57
11 54
116 61
56 25
61 10
47 89
10 22
84 82
37 59
112 14
51 71
95 53
68 17
95 18
65 42
58 83
90 60
17 85
120 64
101 60
74 27
20 75
40 95
28 69
25 19
82 75
90 49
7 37
65 101
46 1
15 103
84 104
43 92
61 34
35 41
86 100
60 105
47 91
72 74
39 96
85 1
43 54
41 49
82 105
22 120
97 36
102 60
11 16
23 71
50 50
112 15
21 43
111 67
13 62
13 52
30 97
44 72
22 84
112 103
60 13
94 36
40 76
88 51
83 110
1 4
31 104
10 52
26 1
110 31
54 2
74 83
90 117
26 111
72 18
86 11
30 59
38 70
6 5
112 89
107 112
84 17
96 94
60 113
94 50
15 27
43 88
102 13
76 7
3 27
24 88
37 46
27 75
107 24
71 98
112 57
89 68
74 56
41 5
41 14
54 47
32 97
15 5
109 90
12 103
109 27
71 25
72 89
91 50
112 42
27 96
90 108
43 35
35 75
40 75
80 93
114 103
61 8
108 49
89 111
24 77
17 94
94 81
54 64
10 37
97 29
4 59
16 38
93 50
112 12
117 71
97 102
54 37
109 33
78 69
23 101
26 31
66 111
111 111
46 113
19 15
21 23
73 28
60 45
69 44
49 57
106 25
38 31
61 26
63 10
87 77
102 104
108 39
94 98
29 19
82 48
33 102
62 97
1 1
22 70
36 70
6 22
94 44
44 26
61 107
28 27
63 9
10 42
48 95
12 68
114 93
107 18
67 48
115 67
41 8
16 76
77 14
89 42
57 13
59 109
111 86
16 45
87 17
87 6
112 98
65 97
70 52
106 8
99 100
75 19
99 82
95 55
95 55
88 23
67 27
12 57
104 27
94 62
43 60
67 26
37 12
2 98
55 108
106 33
79 52
52 58
13 26
104 108
80 72
10 19
90 13
67 65
39 40
7 74
99 65
91 7
68 93
97 2
72 74
35 30
5 78
79 17
95 63
116 46
6 118
64 87
10 3
31 41
42 29
106 13
86 76
11 33
48 107
27 111
60 53
21 64
10 99
73 104
33 68
21 38
57 85
116 67
87 27
99 120
55 84
12 20
39 23
45 79
1 63
69 61
115 81
116 116
52 68
91 84
8 111
114 64
67 109
2 33
7 92
25 54
55 36
73 86
50 109
44 51
51 104
111 37
65 98
32 116
46 114
71 45
105 64
100 51
45 94
76 51
65 100
104 120
7 49
85 57
37 120
107 80
103 89
108 39
58 12
26 95
5 97
19 109
40 111
32 76
84 107
7 28
78 110
19 84
38 95
12 67
86 110
26 61
70 5
99 8
16 117
102 21
93 113
1 4
103 32
80 58
10 86
77 79
67 88
35 105
54 46
51 20
28 68
80 97
72 50
96 80
46 70
100 10
62 92
14 36
4 85
85 5
42 41
84 108
8 110
92 62
35 14
73 54
73 24
31 17
73 118
96 111
67 67
112 8
38 117
35 33
81 119
38 2
32 113
110 31
102 73
92 8
79 36
54 31
59 84
47 4
73 22
114 20
88 97
19 6
94 54
38 54
44 67
48 75
51 29
106 24
101 69
32 59
105 85
90 43
40 8
38 112
22 31
3 109
120 22
106 93
75 16
26 110
74 73
65 5
101 50
28 74
110 51
4 94
7 85
9 46
93 46
30 114
69 32
94 68
45 72
40 111
79 57
101 32
10 45
36 102
86 56
47 75
106 51
41 105
15 49
30 107
86 51
92 34
75 66
93 119
9 12
110 87
69 90
118 70
6 26
43 83
73 90
37 50
20 69
34 34
117 56
13 83
106 104
108 52
41 81
51 49
84 32
7 32
113 117
93 118
14 8
72 86
97 100
15 108
49 41
13 37
96 25
119 73
1 99
5 33
59 47
82 22
70 80
46 62
76 10
51 89
17 2
54 113
101 61
92 29
93 105
66 68
1 56
12 113
34 8
26 84
54 99
98 3
58 23
56 14
24 106
102 41
99 28
25 80
80 117
100 52
93 37
111 93
85 2
78 110
10 103
74 55
81 43
50 18
57 105
23 80
83 5
120 61
24 25
20 95
13 112
18 105
28 8
69 112
1 26
102 2
120 47
57 80
89 98
90 17
82 112
96 44
108 96
105 11
112 116
97 4
99 114
100 119
1 40
110 114
66 83
115 65
1 43
17 81
20 98
97 94
89 73
9 77
40 105
79 31
101 56
26 71
41 117
69 34
36 51
27 101
13 13
38 6
56 46
86 67
23 55
40 103
7 41
59 38
25 10
60 117
57 85
68 97
81 16
10 108
58 28
81 63
41 110
68 88
35 25
34 49
79 66
31 77
106 82
114 10
91 53
119 19
17 66
107 89
73 109
69 11
16 29
73 48
18 20
15 52
36 49
100 115
106 10
71 83
83 65
92 45
109 82
63 6
27 42
86 92
30 34
102 37
54 46
85 71
57 99
2 92
19 93
86 116
95 29
78 57
85 42
102 73
3 36
70 22
77 28
113 98
53 94
15 107
11 91
57 67
69 51
38 80
15 116
75 109
24 25
38 100
66 11
52 68
46 114
81 115
21 73
92 73
38 98
59 48
68 108
114 9
38 32
80 52
19 26
33 34
50 62
13 107
72 56
47 109
49 7
95 61
80 59
14 117
36 64
45 96
43 30
104 80
53 55
4 71
80 28
104 10
89 116
116 32
44 34
12 84
41 107
25 120
45 30
108 80
85 24
47 8
54 30
79 106
84 82
57 36
101 32
37 69
20 32
92 63
58 104
26 98
90 50
97 14
71 76
85 36
100 12
43 33
33 1
10 109
75 66
24 55
90 60
4 109
83 95
51 20
78 68
117 39
110 85
44 60
41 9
95 12
12 9
36 36
10 45
24 76
103 39
10 72
98 5
60 53
92 102
72 41
49 61
80 38
17 3
90 49
3 56
60 6
65 95
42 66
12 65
21 114
104 30
57 73
27 116
5 118
89 69
38 17
1 109
47 17
104 8
58 106
63 109
112 7
76 33
72 87
89 84
72 64
106 8
17 12
3 13
9 83
73 38
99 73
27 17
82 10
24 11
107 79
119 98
85 74
2 29
32 91
104 103
34 89
110 42
100 104
55 108
66 7
18 37
72 44
45 25
45 61
35 31
19 33
1 95
99 2
115 10
92 99
105 118
67 94
39 47
70 85
26 7
84 43
43 35
78 80
51 114
20 85
25 30
117 25
4 87
26 119
97 110
89 73
99 35
38 17
73 107
94 91
114 49
5 28
75 75
107 5
68 118
89 92
27 85
108 23
52 6
21 20
115 101
92 93
7 9
101 72
108 66
42 93
114 46
112 68
120 91
72 60
88 40
31 115
117 19
17 40
16 29
59 10
1 22
94 7
22 66
78 9
12 111
93 117
29 85
65 20
55 16
79 22
48 102
8 44
112 16
83 7
36 13
8 36
26 101
35 47
38 104
48 41
95 20
38 115
104 102
14 38
109 85
52 36
66 59
71 57
67 33
55 102
37 62
10 62
34 44
101 71
27 28
112 113
47 21
99 23
114 113
52 102
69 103
10 14
42 80
62 108
113 116
81 21
57 90
83 90
5 55
32 24
82 15
16 120
35 115
14 28
99 66
2 47
48 11
52 81
90 105
60 74
100 21
95 28
110 49
109 115
95 20
18 56
27 25
47 61
11 61
81 101
6 82
19 45
84 70
6 45
54 65
119 25
85 85
52 67
5 32
53 99
52 62
26 70
78 64
10 89
4 82
61 1
35 80
46 118
29 43
43 75
107 33
99 64
109 23
2 105
54 54
83 97
107 100
46 64
43 48
24 39
1 85
31 36
36 68
25 64
110 59
10 89
83 101
32 71
115 25
55 48
70 9
17 56
108 54
111 23
93 7
61 94
83 91
9 118
39 33
53 20
84 63
108 46
43 11
117 29
35 43
68 104
52 84
31 31
10 22
53 102
20 105
75 102
68 75
91 106
100 23
117 63
77 105
108 119
115 96
27 30
19 87
5 62
50 36
92 51
49 17
33 68
1 99
41 68
54 11
45 33
33 42
95 110
26 74
100 12
42 119
33 52
85 38
113 6
73 76
57 1
92 81
60 85
59 100
32 112
110 69
24 14
110 110
115 7
56 87
10 97
77 43
28 33
72 12
38 24
87 86
16 51
46 67
15 105
46 46
88 27
106 104
32 87
85 19
93 20
105 95
108 61
17 7
85 88
10 2
103 97
80 110
27 117
48 41
101 93
78 61
111 64
44 14
22 8
32 115
20 16
89 119
68 97
6 32
56 7
26 30
103 105
11 1
101 58
33 74
30 111
6 12
46 49
25 67
48 57
53 59
64 13
58 4
101 55
27 36
61 52
65 36
28 75
36 1
12 69
66 33
51 71
36 88
119 53
26 38
109 71
97 44
75 26
39 56
80 66
91 12
117 28
47 17
94 75
17 98
23 82
2 65
32 30
24 22
82 49
51 62
111 27
105 66
44 16
1 3
81 83
7 69
102 53
85 68
7 101
37 21
54 38
85 77
67 100
98 20
29 21
81 19
47 58
76 83
73 76
85 33
39 83
101 12
16 66
79 14
38 115
35 84
25 111
40 83
91 10
103 111
30 63
1 68
112 77
30 64
24 107
96 54
69 69
66 76
6 24
90 35
19 116
118 35
98 38
117 60
39 99
50 68
34 43
7 25
111 37
89 14
15 56
68 83
4 5
39 1
28 120
36 38
115 33
72 92
62 69
32 100
39 73
39 72
107 46
97 97
74 57
103 88
112 50
42 108
54 80
108 73
79 15
111 65
40 54
29 93
114 52
65 33
4 103
104 103
20 72
79 93
8 61
52 112
102 94
99 27
45 78
100 116
93 82
60 4
7 80
96 1
11 40
25 7
15 120
109 34
72 59
119 71
112 42
62 85
15 32
112 52
110 83
47 74
36 98
77 42
58 52
34 60
92 58
66 106
50 46
11 113
97 1
63 88
43 117
52 57
28 43
108 17
117 26
82 32
4 38
74 53
82 107
112 53
37 50
30 86
95 32
70 71
33 12
30 75
120 82
3 28
116 103
36 113
8 118
24 3
27 89
55 108
68 47
40 96
96 61
61 62
85 10
5 117
13 34
63 13
107 65
32 103
39 67
87 39
56 102
41 83
71 88
70 10
14 102
105 101
34 37
34 118
38 38
106 50
72 48
54 58
105 77
32 23
24 118
61 71
100 94
33 42
61 95
51 66
76 27
46 101
63 71
99 100
109 84
21 52
12 67
109 108
23 13
10 38
10 63
109 101
28 13
14 88
107 56
33 54
82 70
35 24
12 5
115 120
88 16
51 91
82 32
70 104
44 72
22 45
6 2
18 33
14 31
112 113
79 16
38 40
77 64
56 88
68 50
88 28
65 10
110 18
41 60
114 76
11 7
1 8
8 10
40 13
40 31
117 118
46 35
30 2
98 85
89 46
14 48
65 71
58 54
80 90
105 73
46 107
79 38
114 78
47 33
91 78
55 79
68 92
113 97
93 83
53 54
8 58
93 64
8 30
117 80
112 94
32 29
80 103
66 74
60 104
98 22
61 25
101 8
116 93
96 81
55 28
6 54
78 98
117 77
120 106
36 111
79 68
19 30
50 76
95 101
59 73
3 111
89 103
111 84
67 86
44 2
106 49
47 63
19 36
11 18
13 47
8 83
106 18
112 35
93 87
15 31
31 9
13 119
111 3
74 58
89 118
51 66
38 89
120 56
4 10
73 16
56 72
98 33
89 90
67 53
48 74
75 70
74 88
60 65
90 13
114 50
10 44
107 48
12 106
95 8
108 40
23 35
111 1
68 72
82 6
4 1
71 71
70 25
38 9
89 119
21 74
49 23
117 27
62 120
13 36
7 112
75 22
26 58
14 85
9 87
91 4
87 41
74 36
65 103
36 25
102 48
98 22
70 86
48 11
78 52
39 76
43 105
97 69
42 102
33 50
68 115
46 34
36 119
61 92
94 88
109 75
16 86
96 85
44 15
88 113
67 118
68 109
102 37
49 24
10 74
65 78
68 110
111 95
101 44
67 66
11 47
20 26
4 107
103 47
1 62
39 67
59 99
48 40
7 96
63 16
49 120
93 109
101 76
83 73
111 21
18 1
67 29
19 71
15 113
109 8
54 20
74 112
110 1
31 116
89 86
11 9
77 96
117 57
51 72
2 33
84 19
33 31
48 43
93 54
35 73
61 80
84 7
71 73
119 94
68 87
51 71
96 7
46 84
55 88
35 48
120 119
67 24
21 106
67 105
39 93
57 92
53 21
98 115
93 96
80 33
63 10
103 30
8 28
113 55
107 28
102 106
18 40
1 38
25 59
22 56
24 70
27 76
82 4
62 47
91 22
79 25
31 53
54 31
72 47
85 58
66 58
35 83
98 35
112 2
86 5
49 109
74 75
56 28
70 117
74 41
18 24
65 41
68 111
71 19
37 27
68 94
76 94
48 53
120 39
47 85
43 95
73 108
50 8
15 111
117 80
31 14
95 88
46 34
78 108
52 106
6 111
71 82
84 118
14 76
36 60
40 78
27 105
57 68
104 72
58 100
23 81
106 118
40 23
31 117
11 75
94 16
57 36
89 13
33 103
88 60
34 119
9 60
95 65
119 79
16 57
50 31
9 27
20 48
50 50
36 52
116 9
59 45
44 28
57 68
10 16
7 35
14 15
87 101
79 85
51 87
13 92
117 21
119 16
68 40
57 103
91 45
103 29
89 26
56 17
85 57
32 91
92 37
105 50
17 56
14 59
22 27
31 10
39 29
25 107
60 73
89 30
109 72
50 77
89 98
85 54
26 116
16 109
25 1
38 33
56 52
92 69
70 2
78 108
22 94
86 81
38 55
102 27
118 23
95 78
120 60
3 26
55 19
14 71
11 44
104 58
87 75
118 36
68 75
15 89
40 101
41 77
27 22
103 16
44 78
85 36
9 80
53 63
98 58
6 100
101 109
29 67
55 26
94 2
92 101
90 11
81 10
79 99
23 62
106 58
11 70
93 19
29 17
73 118
67 70
89 47
58 117
106 112
14 71
113 105
51 74
107 3
75 66
101 97
119 86
35 1
28 119
11 56
8 75
54 74
25 22
112 82
11 97
66 24
40 50
1 90
4 107
93 78
52 65
47 50
23 73
50 50
71 60
97 78
15 22
23 31
44 15
112 46
103 49
69 22
99 61
112 94
48 76
43 99
12 89
21 34
33 62
75 104
2 52
53 8
73 68
38 108
82 21
25 64
70 86
78 40
26 61
5 73
8 47
52 19
8 64
45 40
5 111
15 118
42 60
117 107
7 34
86 80
47 111
15 108
76 92
19 101
24 23
54 31
61 97
50 68
40 86
100 36
76 106
34 110
45 30
96 43
56 61
2 94
43 17
81 118
100 91
99 4
113 24
34 53
112 75
113 23
32 92
58 108
77 83
89 114
113 64
36 40
116 38
5 31
46 85
28 25
47 118
28 39
21 62
83 4
8 75
26 40
38 84
19 115
38 107
108 22
42 15
61 29
52 65
59 97
21 79
2 67
76 21
97 89
74 60
92 82
6 118
113 44
73 11
30 110
117 9
12 30
23 64
58 75
1 117
43 21
67 36
80 22
57 48
102 10
107 74
83 113
63 67
28 7
77 57
108 65
65 119
94 87
55 32
33 55
20 76
67 86
111 18
99 39
66 81
41 44
26 115
28 88
62 55
94 18
111 73
83 55
72 48
14 118
71 46
44 82
1 110
39 104
120 18
14 57
98 54
100 3
49 8
82 110
54 47
119 37
119 73
83 62
