113 17
122 123
73 106
32 59
114 38
92 97
60 5
51 67
59 128
24 2
102 91
121 123
31 111
42 10
79 11
12 61
27 5
56 102
113 87
32 98
124 123
64 53
127 116
121 58
114 14
61 85
107 51
79 7
33 120
18 113
3 31
44 29
36 101
2 18
57 33
115 52
26 50
104 24
36 96
83 21
109 15
107 87
65 55
95 99
47 115
82 49
15 127
79 50
97 81
69 25
115 55
76 10
105 51
36 12
16 120
34 126
5 10
83 71
66 49
40 112
33 123
32 50
121 111
101 89
63 42
113 47
96 58
59 72
108 96
83 123
85 118
120 91
127 74
32 65
123 73
48 27
67 80
78 57
62 49
15 126
90 129
42 55
58 102
129 35
67 83
29 24
71 18
114 69
92 15
3 86
89 51
114 25
2 62
83 65
110 99
60 71
97 103
127 24
75 125
60 13
78 90
36 20
108 22
88 71
38 93
28 127
15 11
21 18
74 106
82 55
74 11
125 41
115 122
66 61
118 126
74 65
85 111
86 64
4 46
6 42
8 35
38 24
48 60
41 121
35 122
46 109
4 40
21 118
33 86
49 21
83 124
87 38
106 43
103 110
88 109
21 97
13 60
120 60
119 30
53 26
23 98
6 26
9 26
15 42
113 65
64 66
60 20
103 36
64 75
17 23
55 37
119 70
96 110
1 86
9 53
113 33
22 118
58 31
13 75
74 128
11 7
63 71
28 35
108 92
111 124
114 38
32 105
107 129
84 107
86 95
32 69
127 53
56 57
83 71
3 26
68 13
32 130
85 62
36 64
23 18
57 8
55 90
114 33
88 68
12 44
32 43
112 30
95 39
86 50
109 88
75 48
103 109
49 57
40 84
121 64
104 49
73 28
9 57
63 98
124 74
11 27
116 124
58 82
33 14
1 13
103 78
63 75
58 111
4 99
67 124
34 40
44 106
69 54
32 1
22 27
74 32
53 61
26 111
13 60
126 15
72 98
92 4
45 21
117 48
119 53
41 22
94 86
128 32
10 31
35 31
58 110
62 110
41 89
92 55
18 89
69 92
57 33
97 101
53 83
20 44
7 60
67 102
17 66
4 26
97 40
56 24
21 120
5 61
80 97
117 98
57 58
61 113
90 27
85 14
112 104
59 118
35 126
90 54
63 95
79 29
6 7
52 26
126 57
89 77
25 75
44 81
4 106
66 93
3 22
109 116
128 39
105 34
34 66
87 97
30 36
127 37
44 51
63 41
109 23
117 5
99 33
85 103
8 22
67 12
46 47
127 45
86 102
78 121
37 35
89 69
72 86
105 115
6 39
27 114
63 13
118 32
45 74
4 53
98 72
64 15
119 63
59 74
34 6
64 72
42 23
10 113
110 117
99 117
25 125
100 88
10 89
121 54
34 124
108 1
67 44
17 55
106 75
128 9
81 64
80 122
88 92
107 67
78 77
53 104
74 24
63 83
114 53
6 17
48 114
20 115
27 36
39 4
111 39
12 63
102 93
56 61
56 32
127 3
111 51
107 54
76 39
6 59
94 13
75 11
128 96
127 26
2 36
29 114
76 42
46 49
7 103
109 62
5 107
65 117
27 43
42 102
83 49
30 46
61 106
59 61
72 55
86 75
92 115
60 39
28 105
87 34
79 65
96 85
41 32
71 69
74 112
42 26
30 73
74 93
49 4
23 122
58 108
66 22
94 127
60 124
101 17
27 51
83 124
6 126
25 76
64 100
58 106
128 89
50 71
51 98
74 73
89 3
53 26
24 18
22 84
11 124
102 40
45 54
33 50
49 60
127 115
29 56
92 26
15 11
96 67
111 41
12 71
44 66
97 69
83 120
22 96
116 125
5 32
51 39
83 99
98 79
85 127
7 48
22 21
59 120
89 41
30 100
111 75
35 79
14 120
71 37
85 56
32 91
89 82
1 43
52 99
123 9
97 129
56 120
21 116
109 110
26 11
79 7
85 116
87 100
105 27
7 61
84 40
23 42
123 23
84 46
123 79
54 89
77 112
81 98
99 59
79 125
71 29
3 28
14 89
127 120
118 5
50 71
44 72
113 38
97 68
84 89
18 9
50 95
120 130
64 91
60 14
85 1
42 89
28 58
49 24
47 36
29 99
107 74
42 91
114 8
30 67
99 48
75 18
14 67
17 77
27 76
90 113
78 3
73 105
60 121
1 109
29 29
79 7
104 120
99 87
130 128
25 98
47 102
115 62
40 3
8 68
80 99
50 28
104 124
2 35
116 2
15 14
32 93
20 8
83 118
94 82
118 121
51 36
92 35
98 1
39 107
68 118
78 119
15 51
112 17
85 97
20 100
113 52
64 2
59 18
122 24
101 111
14 21
16 105
57 113
107 95
90 46
83 39
36 97
89 17
115 45
116 5
16 100
56 80
103 116
97 94
9 68
76 25
90 92
1 17
76 108
111 37
25 63
75 61
32 33
79 16
80 66
22 95
35 77
46 8
64 15
103 73
84 49
97 43
10 97
59 87
76 40
124 101
104 68
31 7
103 109
25 52
45 46
18 79
123 66
88 56
80 61
130 33
111 98
77 122
65 6
78 12
47 71
112 22
11 14
29 113
123 53
34 39
98 53
119 92
118 79
20 67
9 21
101 119
119 50
110 55
57 59
66 103
130 50
126 10
63 26
124 57
80 27
97 50
81 86
13 69
34 32
7 44
53 110
34 43
29 15
97 85
73 32
59 74
81 54
83 14
82 78
72 31
104 39
82 57
124 95
125 29
128 1
72 52
110 107
94 10
121 60
94 63
92 22
7 44
78 91
59 31
39 1
63 14
39 15
70 34
111 64
64 108
67 7
30 48
113 123
58 103
55 23
35 18
47 43
61 126
4 120
26 42
122 88
57 32
104 127
65 84
62 130
62 130
6 93
48 118
87 107
92 11
1 128
28 47
41 91
44 46
82 69
89 73
29 15
104 2
11 40
86 75
39 17
74 46
109 123
33 67
99 124
78 100
123 107
18 33
67 62
78 20
2 36
92 30
53 67
34 65
108 119
9 18
7 85
63 117
77 95
53 46
90 130
17 85
109 36
117 45
99 67
67 103
104 28
4 26
97 37
91 74
25 101
92 31
55 24
17 2
121 72
49 82
71 67
36 51
104 25
96 75
93 32
47 66
61 50
94 29
87 56
103 113
26 66
16 83
91 32
86 83
105 4
37 46
72 74
96 47
100 63
121 62
96 37
130 29
89 93
57 45
18 31
27 45
98 44
127 59
76 82
13 50
87 49
97 30
125 65
77 94
129 69
26 97
106 25
127 64
119 53
110 6
86 8
52 53
52 51
113 129
4 126
50 93
44 19
122 38
85 70
4 83
9 29
51 116
55 47
51 43
102 32
50 57
41 103
109 92
23 92
92 27
89 12
119 4
32 112
44 116
54 47
70 64
75 121
49 1
37 101
45 10
2 94
66 42
66 47
6 91
10 97
117 98
110 107
101 13
90 14
128 13
62 70
76 6
60 126
8 98
96 52
108 99
17 45
11 85
93 18
45 102
116 33
71 96
11 42
108 102
57 108
115 119
47 62
126 108
60 6
77 25
57 54
126 76
101 8
30 63
25 76
35 10
110 107
107 120
20 87
91 77
64 77
67 112
11 64
89 70
71 35
96 130
91 91
75 63
98 106
125 124
51 31
6 30
8 112
21 27
68 111
105 3
60 43
114 70
109 74
9 49
111 104
48 71
65 122
3 34
97 129
28 19
30 33
50 39
16 70
65 86
53 42
88 112
84 74
51 62
17 59
113 127
32 30
69 98
24 73
4 120
72 33
11 103
67 60
11 82
130 77
37 52
118 125
33 74
70 85
7 86
13 119
85 46
19 25
16 44
98 19
33 41
51 45
13 117
105 25
70 106
101 107
29 89
103 61
34 42
17 40
129 29
29 83
76 49
110 91
92 79
111 126
119 33
43 3
21 17
27 91
124 127
69 22
87 41
84 120
82 100
30 82
130 60
37 75
110 16
38 73
94 20
70 82
53 112
84 75
130 112
35 123
108 103
14 65
15 97
54 96
66 85
50 65
14 86
12 123
101 49
67 66
70 7
19 122
118 104
67 118
85 103
110 62
76 126
128 90
92 52
58 30
6 109
96 22
64 107
16 36
27 83
101 99
89 121
92 78
94 28
65 50
3 47
111 80
44 111
41 5
32 100
36 39
78 4
60 11
112 78
48 11
30 20
109 118
10 70
65 105
100 2
24 102
50 7
51 93
117 91
99 18
61 7
58 10
10 120
21 121
67 70
1 96
90 109
85 99
51 21
74 20
22 97
121 73
105 43
35 91
5 6
110 67
12 38
77 21
27 99
13 95
38 14
60 127
124 16
96 44
36 41
65 60
9 55
2 114
99 39
76 104
44 56
42 57
93 118
77 121
86 89
85 124
104 16
122 100
31 89
15 68
1 80
127 10
6 1
125 105
41 70
80 84
125 121
12 89
111 88
79 66
48 35
61 24
50 53
123 80
13 7
20 14
88 16
25 94
18 19
70 58
90 19
13 87
11 24
45 121
113 126
59 31
30 119
54 80
43 48
31 58
56 50
71 14
68 95
109 85
115 48
15 74
68 27
32 80
51 77
71 33
72 1
65 103
119 120
52 34
37 85
91 95
4 33
108 73
127 88
28 111
5 42
56 74
70 90
23 122
36 95
25 109
95 91
81 86
81 5
121 119
89 83
83 94
115 62
37 111
19 66
93 25
109 20
98 48
109 123
40 16
89 66
126 56
26 77
11 108
83 3
99 41
85 53
4 69
115 42
51 5
107 15
30 85
36 129
5 17
123 44
32 82
109 30
7 6
106 19
116 60
21 84
100 107
6 105
47 122
17 97
127 125
113 28
82 20
28 86
36 21
129 70
104 109
99 112
116 76
2 101
5 24
56 106
130 62
80 46
55 98
14 51
95 128
80 46
17 108
1 55
130 1
124 105
111 94
86 96
39 89
69 45
112 124
20 113
57 101
28 112
71 43
34 35
42 116
82 60
95 84
114 94
86 107
70 66
72 27
33 110
115 101
24 96
97 45
78 25
18 107
8 88
21 44
124 62
29 77
123 123
30 107
88 115
85 27
52 27
53 84
6 37
57 32
4 25
78 83
49 95
61 57
54 81
100 49
14 130
127 6
122 26
112 81
12 69
107 63
95 31
19 102
69 75
5 74
99 83
26 19
49 86
75 105
38 46
25 51
47 22
58 38
49 42
120 63
110 98
125 74
128 15
47 68
89 52
11 59
6 36
78 56
123 24
32 30
72 57
80 118
80 8
28 130
49 17
62 30
115 59
105 114
73 21
52 34
72 62
92 79
100 41
5 92
65 36
122 8
94 73
125 45
80 24
45 130
41 108
31 27
38 5
12 111
26 63
14 99
127 107
48 96
18 54
57 84
89 50
91 55
123 87
101 72
111 17
74 23
125 106
51 32
111 62
14 6
127 29
106 123
8 23
90 25
76 16
110 37
66 72
93 58
28 63
1 10
82 76
34 76
52 84
109 34
18 125
41 14
23 16
8 30
39 97
56 116
114 35
24 51
108 116
110 6
51 111
17 2
58 51
79 111
6 59
14 25
53 54
40 78
70 47
107 110
15 35
97 1
69 121
51 49
108 31
56 30
13 72
33 72
124 113
53 2
42 68
26 96
122 66
43 63
114 22
44 1
56 10
1 124
2 51
44 112
83 99
11 95
41 46
37 36
28 91
37 71
28 65
37 21
130 79
85 115
100 130
117 25
10 117
21 13
40 64
124 122
33 7
89 75
52 127
110 81
87 19
22 116
83 58
9 84
8 95
68 110
95 55
6 104
43 26
118 82
92 114
76 126
120 34
72 43
32 53
125 118
71 16
105 23
75 115
106 85
80 46
64 44
102 69
19 16
97 6
100 60
119 45
55 110
80 128
24 111
50 21
100 123
36 76
15 113
61 123
67 10
40 2
53 13
70 71
28 38
78 127
97 69
43 23
50 124
20 76
104 72
96 75
64 3
21 78
117 81
72 55
92 113
56 14
125 128
86 25
35 35
23 4
103 66
26 25
59 48
100 35
119 67
109 52
69 129
1 58
81 75
112 42
57 38
57 54
35 14
78 71
49 100
74 23
37 100
47 96
19 18
2 7
84 110
58 25
111 60
82 63
4 63
107 63
102 33
116 8
47 63
79 97
34 24
119 71
125 36
38 13
55 39
19 9
20 78
35 2
10 116
65 13
50 43
77 22
75 62
31 123
126 109
89 32
3 80
102 127
117 11
12 41
51 30
51 70
110 85
72 119
72 8
3 124
50 80
17 126
13 47
121 11
26 81
42 30
30 15
28 18
25 39
59 75
71 111
16 52
66 89
40 9
96 44
2 17
125 18
15 10
65 5
20 92
85 61
123 117
75 22
4 101
63 62
45 3
43 60
56 110
19 97
118 116
10 122
5 7
9 19
16 73
23 37
36 109
97 28
95 43
50 99
15 114
32 61
118 76
122 43
55 12
9 45
128 20
36 4
26 44
22 43
119 46
79 24
24 47
54 119
91 105
89 105
88 120
35 75
66 27
119 120
38 127
36 37
16 71
40 44
117 61
86 105
108 37
130 2
83 55
122 44
31 80
20 120
69 55
66 4
83 54
126 120
50 31
29 68
104 68
113 90
1 70
66 108
106 67
111 61
122 102
106 24
53 125
14 122
49 79
127 1
5 124
123 54
25 21
123 130
90 107
89 92
47 26
70 24
92 52
86 85
26 61
109 78
56 124
71 106
72 70
107 76
63 101
2 89
123 126
88 82
103 46
44 21
71 115
46 35
36 2
119 63
64 97
13 119
90 83
95 34
22 73
111 87
43 114
45 35
110 3
118 84
50 33
106 123
17 21
27 55
24 15
117 88
114 1
78 75
84 42
108 107
114 91
65 28
74 110
64 55
112 52
8 31
84 115
23 103
8 51
29 31
66 17
120 49
18 68
123 103
111 103
79 97
63 14
124 8
125 60
63 106
111 72
8 66
57 33
40 64
83 68
96 20
85 88
68 102
25 63
74 7
37 24
103 101
39 97
108 33
26 42
10 8
114 20
75 40
52 115
105 6
54 70
26 8
27 95
111 53
29 56
60 65
80 32
35 120
130 15
25 27
56 34
36 39
53 111
80 106
97 56
114 20
128 9
30 24
103 12
79 2
68 10
68 19
43 105
8 45
119 32
71 46
68 107
87 122
89 38
98 55
94 81
76 91
91 107
116 65
119 64
68 58
75 6
76 118
112 83
34 102
117 104
17 54
82 105
45 40
13 14
96 106
96 44
66 56
20 53
123 10
119 60
67 63
67 12
52 50
97 85
21 83
61 38
8 12
12 52
52 26
68 19
1 33
62 68
91 82
121 83
91 109
14 30
43 83
41 95
2 9
51 23
91 111
62 98
123 75
22 46
101 89
64 103
123 126
41 83
79 33
35 41
13 51
70 55
3 113
21 4
121 72
26 84
54 89
53 48
34 76
93 4
34 29
106 27
24 18
111 104
50 18
14 62
68 86
119 70
68 9
75 60
82 101
13 6
61 68
53 94
13 18
99 47
46 75
75 71
94 55
44 14
74 59
77 11
14 65
82 83
76 27
15 27
129 27
32 59
94 87
23 107
104 121
25 19
67 101
89 31
27 4
46 101
64 124
111 80
61 65
32 6
91 46
34 89
75 66
17 40
24 41
18 127
32 42
17 100
14 107
2 41
110 49
13 45
43 123
124 103
57 28
110 19
75 13
107 19
80 126
61 103
36 78
101 69
122 117
39 5
95 42
47 76
91 59
121 5
54 114
109 110
11 88
1 86
102 107
106 52
102 36
26 10
116 129
78 107
115 118
113 82
30 30
27 120
88 17
124 11
3 102
123 13
61 123
100 32
99 78
83 73
113 111
82 100
109 31
76 95
19 59
46 48
90 75
37 47
91 32
58 95
5 50
110 65
44 79
96 14
26 51
86 11
31 39
112 11
70 58
105 88
118 23
7 77
97 45
125 59
76 52
24 80
103 3
14 18
83 111
32 111
31 119
123 63
30 104
75 99
33 50
58 20
74 64
98 40
108 93
100 55
16 123
6 121
127 19
8 80
1 41
60 34
30 52
98 59
25 43
29 60
94 88
79 37
21 49
78 130
13 47
56 28
40 61
20 38
81 30
117 81
70 48
114 101
101 82
31 128
126 59
57 89
16 7
125 38
55 72
39 67
118 94
97 29
24 116
67 106
15 55
57 87
103 42
57 75
125 88
72 120
18 128
78 34
5 72
73 61
15 114
128 3
77 96
33 103
81 99
80 98
26 6
56 130
50 112
74 44
71 18
34 89
15 113
124 21
55 66
82 69
51 81
73 130
46 106
102 128
76 53
97 103
59 22
102 108
4 48
23 74
65 56
34 81
41 27
102 97
93 55
35 15
7 110
14 54
87 117
51 34
40 20
7 98
41 108
77 46
27 99
122 91
27 25
42 67
52 15
33 16
71 69
30 79
50 44
2 6
30 52
40 69
73 46
38 114
25 116
31 52
85 22
14 113
49 57
51 102
73 85
119 13
23 18
91 75
63 92
80 95
16 121
35 90
38 75
73 65
60 106
116 16
127 1
130 47
58 50
18 130
4 6
15 29
26 107
103 90
71 54
56 88
45 93
47 82
37 120
16 98
97 3
116 93
6 115
12 63
35 29
64 40
37 80
70 64
57 42
25 127
96 81
86 12
45 2
95 83
123 113
50 89
117 35
54 122
22 65
56 58
95 122
97 3
71 37
66 129
80 93
127 47
45 82
58 89
84 25
41 78
7 92
37 125
129 90
117 20
26 44
77 120
35 45
123 108
83 60
106 35
24 105
81 68
56 11
26 11
37 68
89 45
30 125
39 28
86 27
49 111
71 127
102 107
43 96
84 128
28 62
32 51
36 114
119 93
126 16
104 32
84 62
76 115
58 115
14 15
11 62
125 83
60 98
60 102
64 15
101 91
78 2
13 113
118 1
78 115
19 53
17 102
114 94
88 43
80 101
59 93
34 53
45 93
22 106
66 85
123 37
47 70
40 60
55 29
62 2
14 80
54 32
53 39
125 12
83 77
112 11
39 17
65 85
109 86
63 47
43 55
83 91
124 124
22 48
23 84
51 36
35 104
67 90
14 61
101 96
9 85
106 49
101 42
4 82
128 68
128 42
124 80
2 117
73 24
37 95
109 89
2 15
63 68
106 78
1 77
44 9
33 21
58 3
63 63
84 62
2 83
103 125
34 104
113 107
129 19
73 109
108 77
124 42
14 99
121 14
47 36
25 79
57 84
84 121
16 39
52 17
122 26
13 25
129 125
3 130
14 78
108 123
24 103
36 39
72 26
53 120
62 79
69 120
32 24
112 49
62 33
67 55
60 79
82 60
73 84
59 88
31 39
80 56
11 117
95 82
15 19
72 78
97 12
67 130
37 48
48 100
82 114
25 11
62 106
70 4
61 1
92 94
39 43
19 49
32 115
3 46
3 76
123 101
89 61
100 125
110 17
94 61
130 120
73 63
97 14
67 28
14 30
123 54
74 11
103 107
128 107
22 130
52 16
101 10
78 72
6 57
89 101
119 90
91 61
23 59
75 91
86 90
122 80
14 65
91 118
44 88
94 65
89 15
83 61
26 30
3 31
87 91
1 75
52 93
8 74
22 84
34 109
43 27
59 58
92 21
47 5
110 10
71 68
26 25
1 53
57 3
83 13
95 86
89 16
48 98
92 71
51 127
52 96
24 110
25 117
2 72
123 111
83 65
50 111
90 50
33 16
54 118
30 18
73 120
36 122
88 127
65 10
123 116
105 18
97 2
4 98
73 126
80 27
61 1
7 20
51 42
37 106
29 66
124 103
57 31
94 16
27 30
26 21
15 2
39 113
3 42
82 77
40 31
106 100
32 112
121 84
25 27
59 53
94 54
25 22
86 121
38 114
20 63
5 37
66 45
19 71
88 101
19 127
3 124
98 36
108 90
121 2
116 52
55 81
105 81
103 61
73 12
44 95
76 50
3 11
96 21
81 56
123 100
54 128
95 22
33 72
111 24
74 99
75 130
51 51
82 25
113 25
36 29
121 111
80 123
124 46
13 76
103 8
47 26
7 12
49 39
83 32
64 28
130 10
27 52
63 111
77 45
5 114
75 125
97 25
119 90
72 3
35 46
10 82
71 16
93 120
57 47
21 122
75 22
2 103
75 66
83 23
112 89
7 57
85 103
83 73
62 26
76 98
71 87
49 11
105 13
2 33
60 24
24 6
47 27
110 122
92 63
14 74
23 22
130 110
126 84
54 59
109 1
27 49
88 75
61 64
90 65
96 19
90 119
26 7
16 5
130 107
69 15
52 94
39 53
73 34
6 126
93 114
127 119
34 86
65 97
19 26
33 116
46 122
104 71
130 121
76 1
100 16
18 21
109 56
74 51
89 81
49 53
65 47
43 100
4 110
68 24
5 100
9 51
94 114
121 93
105 68
96 76
84 113
98 64
38 43
117 128
124 35
51 58
83 95
29 86
74 97
109 79
68 117
129 31
100 121
124 76
59 91
23 14
73 121
77 112
33 63
109 26
99 31
85 51
126 114
6 71
82 116
19 19
102 19
50 74
10 45
21 70
5 46
83 79
36 31
60 68
94 40
96 64
71 52
115 68
37 122
10 118
108 29
9 81
49 58
26 58
104 49
129 110
94 83
58 129
114 119
68 79
28 35
12 100
87 126
39 123
120 49
113 97
79 121
49 127
50 75
57 23
125 55
4 88
8 61
88 123
51 27
71 78
62 82
50 18
80 88
12 69
8 124
37 86
114 85
85 33
31 11
57 27
67 60
114 76
122 71
68 42
100 8
122 31
92 41
50 41
130 61
111 8
57 19
95 40
103 49
75 6
61 1
32 128
63 18
73 54
90 13
98 59
20 89
91 111
129 10
23 130
73 5
7 129
23 104
40 128
22 114
3 83
117 36
82 49
55 24
102 17
36 69
75 58
29 36
40 29
47 65
29 119
69 37
119 92
10 29
89 34
14 93
118 130
130 69
48 55
94 22
71 2
92 17
59 123
54 100
21 101
34 49
91 103
88 82
64 99
110 24
2 123
116 119
125 115
59 42
41 23
65 111
24 29
130 82
21 53
53 41
25 87
92 118
61 51
69 124
19 48
19 23
42 4
13 36
120 72
80 31
94 14
13 117
44 14
70 64
67 124
107 93
80 70
80 10
120 18
5 10
67 23
32 109
28 47
16 20
118 95
52 83
111 64
71 24
80 12
90 18
5 68
110 87
7 62
96 128
79 103
7 18
127 41
128 27
89 13
46 76
108 97
30 88
32 100
113 111
111 72
128 117
9 110
73 17
41 41
14 119
13 23
8 9
63 5
35 21
18 82
98 125
48 127
84 82
98 66
62 80
10 62
66 20
41 11
37 83
51 50
73 63
72 81
73 6
85 110
28 102
61 127
98 111
123 53
62 92
121 125
41 2
58 109
21 100
119 57
52 39
109 125
103 52
75 47
60 31
26 87
5 89
84 104
71 78
27 2
40 19
128 82
20 56
60 42
25 48
99 79
88 79
73 62
130 19
109 59
49 6
18 53
94 101
27 34
50 55
37 91
73 37
43 94
92 102
5 118
22 105
68 111
53 10
43 55
30 23
115 79
28 2
3 122
104 31
27 26
87 66
116 31
102 28
124 65
2 1
54 25
105 122
5 30
3 49
84 33
71 70
113 101
74 117
94 47
18 120
74 104
57 60
5 28
87 130
94 90
130 20
114 107
11 121
6 15
41 91
49 114
30 33
84 105
20 47
24 39
36 97
12 95
26 18
124 115
18 88
76 19
107 60
125 119
52 130
5 92
92 54
75 124
88 28
98 107
76 121
15 114
88 29
78 115
46 71
99 65
30 45
86 6
106 80
126 29
82 1
120 43
56 67
38 13
96 6
122 42
126 6
25 85
36 104
70 84
44 40
18 74
86 103
81 63
55 77
91 6
79 83
50 4
19 88
18 116
93 9
29 90
15 55
47 50
28 116
3 74
27 23
19 113
127 99
45 51
47 8
58 125
90 110
130 110
67 18
95 31
26 126
122 40
50 38
92 80
25 96
25 54
120 43
36 119
11 82
41 60
89 99
54 48
80 54
29 16
73 126
48 98
121 41
10 42
81 103
121 107
68 15
30 60
59 67
48 70
19 88
1 109
58 54
29 7
109 57
24 51
52 71
19 44
114 30
86 64
2 78
40 71
95 70
130 23
8 47
94 28
7 94
7 64
20 37
71 128
95 94
51 19
37 71
62 22
100 19
85 101
97 126
41 63
67 43
85 75
89 49
102 97
14 110
31 33
18 103
33 113
68 83
1 104
25 64
127 124
83 81
96 51
79 6
113 15
48 69
91 9
119 65
105 3
44 7
35 62
109 69
46 47
23 48
22 47
111 21
40 63
101 5
115 51
13 97
68 62
36 28
70 24
94 47
28 10
55 63
71 34
3 118
82 26
35 105
72 15
125 114
80 98
120 64
18 2
33 87
66 68
115 7
93 78
53 121
87 108
55 29
13 57
18 96
84 52
70 26
69 67
11 20
34 130
83 53
4 117
10 69
56 126
75 19
75 130
11 34
107 67
64 121
125 82
86 79
5 27
106 73
93 116
92 128
115 47
53 118
33 64
56 89
61 3
109 5
2 121
40 110
57 104
100 51
55 57
1 61
83 106
4 48
91 97
47 76
15 99
65 50
34 123
10 94
125 118
101 126
110 10
107 36
113 76
88 39
4 89
100 86
64 105
5 27
73 52
104 88
22 38
7 58
30 16
21 26
5 123
23 114
3 129
21 117
76 108
26 79
68 127
37 2
103 41
30 45
94 3
4 116
40 12
45 72
29 65
99 35
60 122
18 62
120 38
48 68
18 75
16 85
73 52
88 45
93 117
92 58
119 95
45 31
109 89
104 7
26 72
42 85
65 61
16 57
99 65
124 118
12 9
72 84
63 32
129 25
18 90
84 9
56 129
41 34
87 16
41 112
87 84
66 24
14 83
80 114
20 73
101 31
83 45
114 15
76 112
41 95
73 125
103 1
123 15
34 81
30 76
63 119
29 130
12 43
85 91
28 104
35 129
4 117
43 117
2 120
101 44
84 45
38 59
45 32
75 81
113 105
26 45
93 57
46 106
101 130
66 128
105 102
126 108
90 40
97 93
31 69
7 117
115 44
45 32
76 119
112 58
95 9
104 59
65 21
34 35
21 101
33 127
72 30
105 32
72 73
124 102
13 130
88 127
46 4
28 123
125 11
50 89
20 25
18 86
45 53
123 67
24 27
64 97
56 40
130 129
114 124
101 126
125 60
122 42
64 22
34 60
34 85
18 55
111 37
11 26
92 3
94 115
31 29
81 88
68 81
87 51
76 59
48 72
118 40
114 53
63 19
112 96
106 2
23 86
40 33
113 1
37 77
117 67
105 68
26 45
20 112
97 97
40 15
38 30
56 23
82 120
44 66
85 19
67 109
104 108
11 87
109 49
35 95
117 11
34 13
57 53
126 24
21 38
40 61
67 95
83 20
84 128
87 40
16 23
19 122
3 31
80 111
80 114
77 68
126 111
80 55
35 78
78 56
115 117
116 51
83 70
72 36
68 29
77 83
53 95
76 55
128 25
37 79
10 114
16 8
94 98
62 128
45 9
55 29
127 42
81 81
112 24
116 51
52 64
3 107
31 81
31 28
105 68
106 117
51 123
124 16
90 55
15 6
65 70
34 61
111 116
13 94
10 130
14 61
63 19
39 93
99 70
122 75
9 97
61 61
92 54
76 51
110 90
57 44
31 92
106 14
78 118
107 89
117 121
21 50
11 60
14 109
129 6
55 9
104 116
69 65
41 16
118 21
105 46
64 6
7 42
21 86
29 127
44 18
119 65
67 129
124 82
109 124
87 36
4 63
21 72
127 63
87 116
83 63
31 19
70 40
62 90
125 90
89 41
107 77
105 45
78 100
127 58
95 85
93 98
17 115
39 16
48 127
1 2
61 32
22 1
73 83
90 67
43 48
107 21
127 83
68 76
52 64
3 16
20 96
115 39
82 25
54 129
21 56
3 82
89 24
82 31
107 43
98 21
93 76
43 89
29 110
36 82
45 38
100 67
5 84
105 87
109 28
87 1
83 89
82 44
115 35
74 93
80 43
115 44
121 27
4 19
9 39
102 53
76 73
119 81
27 95
39 5
122 127
7 77
86 91
120 72
125 65
34 76
108 18
119 98
46 122
118 54
30 91
109 108
34 99
60 60
64 98
66 57
94 72
5 51
32 126
122 29
61 27
106 40
46 95
7 92
88 126
17 120
86 127
97 119
98 26
50 33
125 117
89 90
61 96
11 94
91 4
124 21
33 100
60 78
66 68
41 25
63 58
14 21
56 110
11 23
7 63
55 3
49 14
93 109
109 105
75 71
110 68
92 12
37 23
90 102
91 130
127 25
59 12
47 115
124 58
7 2
122 64
5 40
77 97
21 57
73 95
127 52
32 90
66 71
115 27
44 75
28 42
101 87
54 20
73 47
79 81
48 70
14 52
111 92
20 1
20 94
97 19
16 129
108 83
71 92
109 114
38 6
26 11
92 79
30 36
127 110
117 46
49 130
100 29
94 119
32 113
85 128
1 102
128 111
54 70
72 32
54 112
37 79
124 1
29 25
36 27
4 24
72 54
24 41
84 119
32 115
101 116
115 102
87 114
82 10
54 25
43 107
8 79
57 1
81 87
25 117
113 30
12 54
83 37
97 37
25 128
23 126
115 7
99 71
123 50
82 46
76 124
24 84
74 82
86 25
38 113
13 22
12 24
77 95
61 43
3 87
40 25
82 24
34 50
96 26
101 49
73 49
42 98
4 118
49 89
12 88
71 26
111 85
51 57
51 113
102 53
70 11
77 23
37 110
75 4
7 47
53 79
95 96
48 98
83 98
59 96
57 1
123 37
85 44
96 5
28 67
57 99
79 6
122 115
117 66
121 124
112 43
74 79
10 122
48 93
91 106
60 18
107 53
54 63
98 19
70 125
85 128
94 36
3 87
22 122
22 12
115 5
56 60
83 66
53 1
30 14
108 89
31 86
11 86
21 108
105 90
103 61
89 68
96 94
24 118
85 47
1 71
51 57
130 6
124 53
8 23
66 117
111 98
73 122
53 95
99 29
56 73
90 14
10 57
107 35
46 63
81 49
3 4
105 5
11 98
59 20
120 126
6 100
93 80
93 15
44 64
44 99
6 5
115 18
63 91
54 109
26 5
27 30
10 3
34 20
102 92
39 93
87 46
64 49
126 27
64 41
90 109
10 97
113 126
116 45
88 42
25 113
46 53
13 55
55 46
76 28
10 114
120 96
29 54
17 26
82 82
67 43
60 78
11 44
73 127
90 30
40 115
15 85
37 27
11 94
74 86
123 85
71 113
51 101
38 69
127 119
22 65
33 83
12 43
126 86
41 85
117 80
71 1
34 110
29 46
73 105
3 65
59 73
49 111
46 86
49 42
76 72
108 108
24 119
21 21
76 63
108 62
13 48
65 48
27 93
94 101
67 98
38 126
43 86
106 88
44 27
1 119
98 108
99 122
98 121
14 43
53 121
104 65
39 40
115 67
3 78
38 71
47 75
68 89
32 46
46 75
72 46
66 41
23 36
34 120
26 48
34 80
38 10
15 78
49 1
17 53
78 56
126 126
2 63
85 33
108 130
110 51
48 47
92 72
82 125
64 107
42 97
56 82
106 72
31 27
72 47
79 21
104 76
17 105
9 103
8 116
102 119
39 21
35 130
93 116
124 26
94 38
124 21
121 102
95 21
128 38
70 78
59 43
24 77
18 34
51 27
21 24
15 59
45 49
58 9
34 54
34 127
93 29
17 83
130 111
103 129
19 44
79 79
87 104
27 106
9 77
2 29
102 18
88 16
66 17
24 99
70 59
97 32
90 115
116 91
98 91
92 118
4 40
68 92
15 94
67 23
42 70
51 13
87 10
31 22
29 54
122 98
115 90
2 74
75 117
34 44
77 125
31 83
36 98
44 52
63 111
74 104
52 127
118 9
8 18
32 36
74 24
6 60
113 7
3 59
125 38
102 74
35 2
26 70
101 71
122 33
53 67
6 105
65 126
113 73
15 14
108 88
39 113
17 24
121 21
84 118
61 56
63 95
59 88
34 30
30 27
62 83
96 70
57 30
67 41
102 81
56 82
41 95
66 57
120 59
80 73
46 10
130 110
104 59
69 9
88 98
36 21
50 3
92 108
32 28
18 6
109 76
87 19
42 24
77 31
82 28
103 129
37 103
108 12
33 46
23 122
14 60
14 65
62 106
43 93
3 62
98 113
7 54
3 48
80 80
80 31
109 55
30 16
29 9
29 61
57 51
52 72
110 67
6 41
42 50
4 47
112 103
29 120
29 32
40 108
113 119
8 91
43 39
108 71
50 7
1 106
59 54
47 39
121 54
81 34
104 86
80 87
59 111
78 87
12 117
64 126
106 73
86 18
112 66
91 33
72 91
8 2
17 56
42 9
109 123
42 84
78 122
42 8
102 120
94 115
108 29
110 83
102 67
103 85
2 63
117 75
25 126
77 43
51 118
51 29
112 93
115 62
86 26
69 57
17 35
43 125
65 22
79 38
90 53
124 92
117 110
38 12
107 114
56 27
104 107
58 87
69 42
18 26
69 89
82 86
125 126
82 59
17 32
97 106
85 90
69 71
72 107
84 48
92 10
77 67
118 4
24 58
45 43
83 113
1 36
70 125
31 23
56 49
55 22
26 9
113 95
81 56
73 35
106 34
46 52
101 33
55 126
90 101
38 42
85 39
77 27
35 109
49 90
27 103
113 52
111 98
16 64
23 88
98 130
124 15
51 96
47 107
91 8
77 128
51 34
38 129
60 73
107 108
34 3
81 17
54 63
114 72
126 8
31 95
8 26
109 60
121 27
37 81
34 113
81 84
16 118
82 77
62 60
55 96
62 7
114 118
69 99
61 67
106 91
33 115
117 14
45 109
40 83
62 76
65 12
31 83
1 115
29 63
44 85
28 108
91 11
95 32
109 25
98 86
117 2
73 105
15 119
84 55
71 15
130 5
28 32
89 28
16 120
90 60
74 119
37 35
1 3
68 111
29 35
69 15
38 11
120 53
129 75
107 69
91 108
75 118
9 34
15 27
25 107
88 98
97 126
4 98
128 71
78 26
107 16
42 15
28 31
67 26
107 45
94 67
24 41
54 34
76 71
60 100
49 17
69 15
14 73
112 11
15 62
38 124
79 80
10 107
112 78
2 89
124 98
25 17
10 81
50 85
23 112
54 71
130 122
87 14
66 69
26 83
2 64
78 80
13 87
58 124
34 62
84 29
29 111
45 38
63 96
124 85
79 47
27 79
40 115
94 108
53 121
62 56
54 9
8 68
97 65
64 2
126 17
30 26
127 74
65 59
41 58
15 120
106 43
70 18
28 35
125 82
25 58
10 79
66 17
16 32
81 79
33 77
98 62
102 96
7 37
27 47
94 41
38 72
86 107
89 115
11 83
66 38
10 75
116 77
93 3
110 44
84 12
120 53
75 93
18 81
1 44
129 97
87 37
38 42
15 126
28 26
80 93
63 91
40 50
37 2
54 16
47 9
29 38
61 103
1 79
55 3
122 55
99 80
91 6
123 106
1 20
3 82
115 67
42 24
118 80
27 41
95 76
50 125
113 112
99 115
60 25
118 54
80 86
5 42
94 128
19 96
17 23
48 1
91 89
26 78
39 55
121 5
130 42
2 112
23 100
97 85
127 86
10 76
41 14
119 4
11 8
100 28
32 19
28 123
109 56
70 17
110 60
24 109
101 27
92 126
126 60
80 124
15 89
69 56
102 58
61 113
67 32
10 98
50 39
92 29
94 32
47 75
93 72
53 66
98 17
61 96
76 10
89 91
98 30
18 71
89 80
55 27
112 64
126 33
105 88
63 70
121 110
15 83
53 69
18 21
85 78
118 33
89 78
125 58
107 12
129 67
91 53
93 74
119 89
109 95
48 41
34 38
20 50
120 73
119 10
95 75
89 84
107 48
31 101
105 10
114 105
76 77
30 41
22 20
1 130
114 48
41 19
85 62
69 76
4 59
85 100
5 44
55 114
91 86
86 67
97 70
44 44
18 73
84 39
94 84
39 77
3 81
97 87
12 37
33 18
95 117
119 102
32 44
85 124
1 40
61 97
111 106
12 130
50 98
39 13
51 79
91 56
29 57
12 42
94 44
59 60
33 48
31 64
93 117
58 93
29 120
61 11
97 72
11 16
39 51
28 92
129 120
17 29
46 30
72 11
76 1
73 108
50 105
43 14
92 102
106 122
93 38
2 59
109 12
74 20
62 103
113 62
94 129
92 10
30 34
