88 78
3 130
96 7
54 140
70 75
20 129
109 76
16 113
106 19
35 97
46 107
93 86
128 57
84 40
10 123
74 109
72 88
110 28
94 35
27 35
109 46
24 89
134 51
62 111
69 108
67 126
75 19
71 74
87 14
113 108
136 59
77 79
6 46
106 112
81 132
18 61
50 53
22 55
103 95
25 43
74 91
28 8
122 98
93 68
123 66
48 130
124 124
69 1
41 34
124 133
38 14
66 87
66 99
1 41
53 37
83 138
127 111
18 120
80 110
60 63
35 107
64 30
90 132
43 2
26 38
7 75
51 84
33 129
42 33
29 106
81 123
103 67
105 120
59 45
90 118
119 136
84 42
26 45
34 80
58 71
117 64
17 40
7 49
28 48
93 68
25 33
62 128
111 27
119 29
83 68
6 73
76 101
114 113
5 19
52 63
101 40
126 117
79 5
37 118
64 129
57 89
21 119
88 132
17 66
32 99
6 50
43 81
10 16
53 15
47 104
77 19
15 74
8 94
90 44
83 14
33 140
102 53
130 61
56 6
126 88
116 131
137 18
71 18
45 135
32 91
110 120
122 125
66 129
90 15
32 32
28 64
31 1
129 20
61 44
37 59
3 12
49 11
29 132
29 86
138 72
36 108
64 17
104 129
5 53
15 49
84 55
112 127
55 112
18 128
28 67
58 30
78 106
53 119
109 93
64 107
36 111
86 99
140 49
99 16
101 114
64 56
28 48
54 94
19 72
93 46
10 10
88 87
128 140
77 96
104 140
74 11
111 19
110 122
79 80
137 39
53 61
107 80
108 20
46 126
103 138
32 112
20 131
71 7
130 7
114 105
7 48
127 129
78 96
110 17
36 106
67 100
38 33
52 17
53 97
3 27
106 46
139 125
36 81
131 37
87 105
13 105
24 139
105 101
107 74
129 14
52 56
113 101
88 36
118 12
132 132
51 98
49 61
94 96
1 85
132 87
61 16
52 84
26 16
56 132
102 45
17 25
100 2
137 59
37 114
83 29
117 133
138 25
53 103
120 53
47 123
11 119
10 74
62 36
102 130
27 63
34 56
99 5
57 95
75 93
81 17
133 57
9 2
82 73
105 73
125 23
56 8
2 65
81 75
100 42
64 139
116 109
54 74
113 110
41 48
74 121
64 67
37 85
68 130
17 44
63 14
67 118
21 68
54 101
2 26
15 78
24 130
46 89
76 19
70 116
78 3
96 13
81 4
97 21
6 126
64 68
11 2
57 31
69 110
3 83
135 17
20 30
7 77
118 82
107 59
69 44
62 36
57 14
39 25
34 44
22 110
123 32
111 39
74 52
21 77
134 15
93 25
57 111
101 34
64 68
93 132
123 26
39 51
51 78
88 85
133 109
66 128
13 36
26 86
87 46
22 92
73 127
128 129
109 101
34 33
40 138
36 22
35 75
85 86
24 32
42 28
12 107
15 36
2 53
122 101
110 15
64 54
13 52
54 134
12 88
26 63
97 73
96 132
19 40
89 54
83 130
82 107
96 108
2 109
20 135
81 2
22 5
55 46
68 109
39 91
68 76
13 24
9 108
27 39
8 115
93 102
104 34
68 71
1 82
40 33
76 120
46 109
136 100
15 63
80 53
13 19
129 25
43 9
5 81
47 24
68 139
125 43
44 65
114 57
6 25
101 93
16 6
62 12
117 88
86 57
12 99
75 12
135 129
20 11
82 79
34 9
89 31
63 133
95 36
49 100
72 9
64 100
26 137
111 2
84 68
58 108
26 5
119 33
5 139
43 86
89 89
94 37
119 29
29 73
64 89
44 8
109 107
107 134
104 89
8 59
16 77
26 54
81 5
98 86
15 12
43 115
100 9
11 78
37 52
22 112
140 65
119 121
44 97
126 7
45 133
77 73
70 103
138 22
119 95
119 5
106 22
119 78
30 129
27 66
52 49
37 64
125 28
44 28
124 41
46 41
34 123
125 115
97 122
8 87
76 127
103 53
8 81
130 49
81 17
114 133
77 22
68 61
49 111
89 33
23 6
85 68
140 69
42 108
50 62
66 137
48 28
49 67
120 39
115 61
67 100
65 3
121 132
63 30
114 23
74 136
41 30
64 40
98 117
8 19
38 85
15 97
113 63
35 92
113 9
24 39
120 88
53 113
91 116
2 64
10 87
72 50
128 135
90 85
123 109
115 33
53 129
129 37
63 24
129 48
44 24
98 36
112 11
8 62
126 21
138 7
119 69
57 106
75 18
62 69
138 36
101 62
36 90
99 98
125 99
17 40
122 115
75 105
125 94
39 122
114 36
128 92
116 44
57 62
73 118
130 70
25 91
132 60
52 90
30 48
60 46
87 41
32 34
6 16
127 44
9 113
91 137
64 78
52 133
139 125
122 128
66 7
78 57
78 1
18 119
48 77
37 7
130 68
52 135
96 50
50 104
22 12
112 98
89 24
90 87
20 83
86 85
89 36
14 39
36 43
17 96
120 53
114 109
121 25
115 88
74 36
51 108
47 23
77 7
58 26
105 89
120 50
45 69
85 58
119 133
101 135
88 92
48 61
72 40
97 58
127 42
93 49
9 11
71 85
29 140
122 133
88 102
42 133
42 139
62 20
131 34
26 90
125 85
22 56
124 118
113 122
19 77
31 40
99 113
136 127
125 130
119 72
103 33
76 4
31 138
35 33
31 60
122 16
17 3
83 12
120 68
134 10
16 36
49 115
20 45
113 4
46 92
88 8
136 23
11 26
20 57
70 63
128 51
90 4
65 44
16 56
111 21
77 139
68 126
113 87
42 85
103 87
48 50
94 55
72 116
92 104
44 21
26 43
83 127
59 7
30 74
74 1
106 11
11 33
8 123
131 61
79 93
7 139
14 112
53 86
99 5
61 2
37 98
44 120
84 102
138 113
47 84
125 24
94 135
68 113
129 71
33 80
35 51
90 49
22 14
6 132
30 66
133 67
23 48
46 118
22 55
90 80
138 87
116 91
93 43
75 82
113 107
33 8
17 122
68 50
135 73
41 25
10 45
91 32
105 8
21 126
62 122
77 60
68 52
22 21
95 109
114 79
75 6
98 104
127 25
13 133
97 66
29 106
110 131
9 74
138 29
71 72
11 8
3 90
71 24
110 25
132 83
116 79
88 73
42 86
98 66
91 66
3 119
32 113
110 52
58 119
93 1
50 115
8 52
64 78
88 46
115 91
128 102
41 88
34 94
45 3
32 135
69 34
126 112
18 95
35 88
85 127
88 7
101 95
70 25
44 17
70 30
120 69
131 20
28 25
126 73
39 17
79 119
50 64
102 80
30 137
27 127
123 114
133 96
80 62
132 123
91 73
13 70
1 3
101 41
39 86
125 90
102 63
68 24
139 30
103 40
38 129
26 20
102 18
127 41
80 118
35 30
50 59
111 63
74 71
103 112
29 87
73 2
21 1
25 31
42 127
71 79
127 108
110 100
126 97
140 77
86 47
118 8
105 88
70 38
30 44
22 70
2 94
72 22
106 96
65 19
95 135
97 93
102 79
53 99
35 64
35 132
110 24
139 75
111 68
112 13
123 5
82 124
99 13
18 76
121 82
95 87
88 63
39 61
1 103
20 47
27 66
39 136
90 37
82 72
117 66
84 99
70 26
95 40
50 112
116 42
53 82
140 12
4 39
72 5
13 91
63 39
29 101
47 130
10 128
61 138
65 17
96 135
54 62
46 103
33 33
17 97
114 16
108 130
66 40
6 79
2 68
117 42
29 35
31 50
35 92
47 99
108 14
105 21
76 11
135 108
43 11
77 29
39 44
30 104
95 35
42 97
102 31
10 2
65 41
51 99
4 97
70 111
123 34
3 58
56 9
37 111
32 113
11 70
29 40
33 123
74 87
91 35
117 101
37 41
13 99
12 16
68 93
138 50
126 12
107 54
20 15
24 63
128 34
132 28
73 37
22 6
123 125
52 111
85 100
11 97
71 34
124 138
126 121
47 124
132 25
37 23
51 72
86 38
105 89
77 49
137 99
66 119
83 129
89 39
89 112
7 19
17 130
28 15
122 86
10 113
110 58
135 20
129 92
70 105
41 18
13 37
116 90
28 70
78 116
120 38
99 126
56 128
127 95
2 108
40 11
80 9
68 87
41 56
38 122
32 78
139 56
127 127
5 14
56 94
1 36
132 112
33 59
99 20
14 100
127 53
122 79
74 49
25 126
116 74
107 19
24 117
74 10
103 90
35 31
43 47
78 46
18 110
117 116
129 130
87 128
54 80
78 139
128 114
124 115
47 102
5 82
79 78
103 53
39 137
83 94
56 20
139 73
2 127
61 2
128 19
1 42
99 78
52 98
51 36
85 110
9 89
63 87
39 26
12 77
34 106
30 89
126 41
34 139
39 94
140 27
124 1
80 82
78 131
40 1
38 124
122 47
72 44
5 122
69 16
59 115
122 100
63 119
12 108
117 51
61 128
77 45
128 16
138 78
18 37
78 56
32 71
102 116
114 118
97 55
134 15
41 127
127 103
117 138
83 93
60 3
80 136
59 80
23 69
17 53
105 106
108 137
36 81
112 21
58 80
87 51
95 127
49 93
102 25
90 44
129 10
58 69
17 129
20 52
57 36
104 21
1 83
29 48
23 12
68 80
92 15
131 58
13 51
10 114
76 111
17 64
132 87
4 21
75 23
84 131
70 47
23 70
129 52
117 11
75 57
102 38
83 104
95 95
15 116
69 90
87 97
25 90
43 41
110 129
75 53
119 5
111 14
86 111
77 75
133 11
131 95
49 73
58 15
27 72
131 107
33 89
76 70
38 118
110 20
119 56
72 109
60 55
122 6
25 58
80 18
81 82
124 1
14 41
15 52
125 17
19 29
117 94
110 27
83 91
46 61
7 129
42 66
43 23
83 80
93 34
109 33
115 92
45 140
4 59
52 140
88 82
41 76
35 10
102 129
101 19
62 119
8 103
56 62
137 11
13 89
44 121
133 31
84 37
30 88
108 93
87 55
34 139
2 80
9 104
81 121
122 2
111 1
104 26
75 112
36 87
61 92
68 53
122 11
90 23
110 69
128 69
135 33
67 136
113 75
99 53
67 93
66 37
105 41
63 39
12 110
126 84
61 65
137 54
75 98
89 57
26 88
125 20
120 51
27 104
126 138
28 64
90 93
101 66
133 35
105 17
4 102
100 77
26 108
2 112
77 102
28 102
49 12
133 29
63 20
132 60
17 20
123 118
124 95
43 129
129 19
5 5
120 116
93 5
84 106
129 32
68 16
134 116
40 138
16 102
29 8
33 57
39 15
34 34
110 89
22 110
107 38
114 99
26 78
115 121
44 103
12 111
131 17
98 30
15 114
3 43
133 35
112 31
49 5
76 30
105 110
12 72
7 125
42 44
75 16
24 118
119 36
100 121
64 57
10 78
30 12
133 22
46 104
64 106
120 140
8 85
109 19
28 127
3 69
31 89
96 66
66 86
113 25
66 37
94 75
126 123
98 118
17 3
93 80
121 73
91 128
29 71
6 56
70 20
136 112
109 91
49 46
37 22
71 102
58 24
49 43
18 6
33 34
21 125
126 1
69 88
128 97
31 5
24 100
24 19
83 132
110 131
50 18
12 132
119 81
27 27
136 44
45 28
90 65
24 87
65 93
34 64
61 76
68 85
47 91
115 129
95 96
120 16
113 3
7 92
96 33
130 91
76 34
118 37
98 13
123 34
117 29
109 38
104 36
134 11
139 120
11 105
76 2
120 48
17 126
11 112
18 13
62 105
46 51
2 16
63 136
61 52
36 30
101 140
77 106
22 75
85 44
51 32
46 30
80 62
27 102
45 56
114 106
21 20
28 34
47 102
41 107
13 77
8 113
88 85
78 121
19 35
24 82
66 81
111 5
14 10
119 58
65 92
35 97
123 62
2 41
24 43
8 48
131 27
21 78
111 110
70 2
4 93
83 70
34 65
86 47
74 64
105 139
28 139
107 10
73 109
51 96
23 70
3 13
96 35
102 67
5 31
68 20
135 22
89 40
86 35
87 20
110 63
30 137
73 136
7 5
104 69
112 138
138 127
22 105
33 123
43 37
25 110
69 32
131 17
71 89
63 17
108 33
91 137
29 24
132 47
40 108
127 24
117 136
22 139
101 54
133 3
103 18
125 31
49 127
47 119
75 122
8 42
14 110
50 54
133 54
113 45
33 99
80 9
95 101
7 67
14 140
69 116
29 53
18 77
40 77
67 126
58 86
28 83
56 89
136 60
2 120
116 34
79 55
43 45
15 49
111 41
60 51
28 88
104 46
36 15
122 115
140 39
60 39
121 115
128 128
47 129
108 22
35 58
77 77
114 91
137 84
131 57
134 19
16 109
76 52
123 57
26 135
107 97
33 99
84 32
86 130
33 65
11 67
134 87
3 107
50 11
62 52
79 68
82 95
36 17
18 31
73 55
25 39
11 69
137 94
113 95
83 5
31 94
71 25
52 85
131 101
95 53
13 34
120 94
140 27
111 17
57 55
71 93
106 93
34 114
47 6
68 1
10 111
94 92
135 6
36 125
118 130
49 130
35 40
96 46
67 66
74 123
132 4
88 97
109 133
83 15
138 22
15 19
132 121
110 126
138 5
111 115
6 31
105 53
71 60
98 137
137 44
131 128
47 90
97 27
82 39
41 91
60 68
109 52
48 90
37 57
106 19
31 124
62 7
36 132
78 5
128 74
48 130
74 107
80 42
133 21
80 46
112 11
113 92
74 32
42 123
100 19
13 130
2 74
137 37
65 74
54 64
20 113
54 105
91 5
6 84
37 97
1 20
119 125
112 53
28 25
47 127
43 59
116 57
133 124
93 57
70 18
133 89
3 46
65 93
62 70
36 98
38 48
118 16
32 101
80 59
137 126
57 51
45 33
107 37
28 72
105 97
101 97
57 103
14 121
56 75
62 103
45 99
11 22
127 42
134 78
113 2
64 29
52 120
73 31
28 101
102 132
69 62
101 126
25 114
118 80
61 40
42 105
10 64
138 8
106 3
86 90
4 21
130 67
12 63
97 39
35 58
42 103
132 2
100 16
128 78
107 48
129 20
24 10
84 33
30 61
35 127
10 50
7 11
116 18
73 73
68 119
2 109
82 133
123 53
20 110
130 126
29 130
18 64
140 101
96 41
21 130
27 42
39 45
52 26
62 137
98 1
115 100
109 68
104 91
121 124
72 122
121 100
112 138
23 123
98 130
23 130
119 49
43 29
93 107
55 26
103 24
26 89
123 6
17 87
109 9
70 40
130 62
140 113
60 34
95 17
24 129
19 14
49 61
55 1
27 109
38 1
132 75
90 127
93 118
85 61
138 26
100 127
87 111
100 6
5 66
35 40
55 53
53 103
113 107
116 12
87 13
24 91
100 125
77 52
102 21
112 99
46 71
98 4
42 57
10 58
122 44
97 48
96 21
11 80
140 126
103 86
10 127
36 109
111 124
32 85
16 3
55 73
86 12
77 139
80 86
68 74
129 36
121 96
56 131
47 55
128 10
13 138
8 60
118 118
44 10
74 71
24 129
4 109
140 80
119 92
25 46
25 25
81 5
132 137
8 50
63 135
59 87
132 78
7 122
68 62
131 1
132 14
1 135
135 13
74 113
104 110
19 128
6 99
4 9
107 11
59 42
18 129
128 9
67 134
130 134
55 132
6 47
18 7
53 12
19 139
124 122
108 14
121 126
113 124
134 91
7 64
132 24
53 120
44 119
125 46
124 40
37 129
98 54
7 10
77 25
8 73
18 128
86 138
125 70
134 130
21 12
54 24
35 106
15 90
96 140
135 79
51 44
79 20
109 86
29 46
122 49
118 140
48 63
9 32
5 14
21 25
25 86
60 59
51 75
9 6
86 15
96 136
58 47
15 27
132 55
84 125
103 73
124 22
7 5
53 11
18 86
47 43
31 107
113 94
53 133
111 138
8 67
133 65
113 19
103 116
73 58
100 48
130 96
69 137
100 134
7 129
91 66
31 133
32 16
86 84
8 57
93 15
135 85
92 119
103 66
94 47
124 65
94 125
20 23
121 131
28 140
120 118
65 22
110 108
49 68
63 57
136 15
83 130
99 46
108 73
124 73
119 119
137 73
103 29
107 96
19 6
95 10
123 31
44 104
138 92
43 72
8 38
86 103
39 56
8 6
128 3
90 118
121 87
62 84
115 28
51 5
33 17
15 27
47 58
3 56
21 45
127 29
95 84
3 133
139 22
11 126
25 100
103 17
58 25
112 44
64 22
49 109
38 75
7 96
4 9
23 24
66 21
64 20
104 66
12 102
88 22
87 124
134 62
140 51
98 112
95 33
5 15
1 43
89 8
10 92
28 33
127 93
53 51
124 17
128 136
118 87
29 77
70 22
10 82
85 107
65 39
11 69
65 12
111 13
31 133
116 70
25 102
35 77
24 18
105 12
25 95
98 54
31 40
87 52
121 31
30 45
81 40
125 5
63 108
29 93
100 16
35 124
130 69
72 13
86 37
36 111
3 6
36 33
45 122
84 37
25 113
93 117
24 77
122 87
44 22
51 3
50 85
126 39
13 70
63 111
118 99
93 120
104 128
24 20
121 119
56 5
91 8
122 126
84 115
72 128
8 123
2 57
79 140
95 104
69 30
74 58
140 38
37 115
25 60
134 5
38 61
22 140
68 3
125 23
117 69
22 136
51 24
53 1
23 19
104 103
48 49
20 59
86 68
33 122
127 38
139 36
98 20
47 25
34 31
60 22
111 93
17 33
116 69
34 10
88 137
124 7
58 3
66 15
82 110
137 80
8 7
115 105
26 21
2 59
64 73
80 34
25 108
79 1
37 112
22 136
120 6
14 37
20 79
64 114
61 60
53 68
78 28
44 103
60 57
33 135
129 124
41 14
91 119
26 127
90 47
134 81
64 8
118 96
98 53
81 18
112 133
97 49
32 1
23 92
57 67
98 58
50 10
71 140
128 96
139 89
14 4
30 90
11 19
57 109
71 137
138 54
129 95
114 21
107 8
124 35
74 93
92 135
103 22
134 102
129 4
51 3
8 92
104 30
122 20
138 64
28 136
129 16
102 114
48 68
121 43
102 54
136 54
48 98
87 53
59 76
69 121
90 88
84 65
117 77
84 127
140 123
134 140
138 95
113 58
22 93
100 135
18 95
60 77
64 19
2 135
94 82
115 55
29 71
131 17
7 74
3 19
56 136
18 65
102 131
122 123
83 94
130 113
60 49
61 124
67 62
118 32
3 104
98 43
34 88
72 53
33 74
71 100
82 88
25 43
78 18
38 33
123 27
17 43
87 77
38 14
139 15
57 13
130 15
68 36
114 139
88 7
84 18
118 25
117 2
80 55
32 117
99 26
3 115
68 89
51 105
114 61
131 43
86 133
57 13
28 42
23 127
60 106
16 38
3 132
51 82
58 82
58 16
120 72
130 47
32 53
24 6
125 26
48 70
30 116
94 69
29 116
55 89
94 70
126 96
74 36
37 131
130 106
7 109
37 8
27 68
60 62
85 45
100 4
126 129
131 92
58 20
79 124
120 32
66 105
139 139
140 35
129 1
12 7
109 48
15 8
128 86
81 84
2 40
100 128
29 102
79 98
133 17
93 112
61 18
76 59
16 88
106 17
100 117
23 81
37 37
88 36
123 28
119 124
68 90
123 108
52 73
77 44
102 29
16 22
47 103
92 74
50 57
90 22
34 113
102 70
21 49
105 3
88 95
139 27
45 121
6 96
66 82
139 27
123 26
60 29
129 11
114 50
68 64
71 113
48 32
54 68
92 30
71 40
124 81
78 40
73 84
7 138
25 18
24 19
43 83
59 31
106 33
93 33
96 23
5 15
67 58
82 18
87 24
69 82
104 7
122 49
102 128
46 138
5 82
17 60
36 75
102 1
107 54
45 74
89 49
88 15
118 42
44 76
65 125
30 41
3 11
89 104
10 6
101 27
87 117
86 123
64 47
135 30
113 40
116 61
100 63
87 90
104 2
25 41
138 54
81 12
76 41
115 98
46 88
124 5
76 81
139 139
139 133
29 111
44 4
43 4
78 1
93 54
15 129
94 24
43 46
36 130
86 10
87 3
109 70
7 45
10 5
43 21
10 71
131 53
86 46
56 24
58 20
77 72
9 42
96 63
87 131
52 44
12 139
46 121
68 65
37 90
69 79
110 90
22 112
3 107
29 70
2 87
102 90
30 110
131 125
32 77
127 83
132 11
81 38
3 21
102 39
122 42
117 91
132 138
74 6
117 103
75 130
49 48
80 90
17 70
75 60
19 73
3 10
95 95
59 97
127 20
135 108
74 124
58 65
133 4
70 121
106 16
111 26
64 50
115 92
131 61
12 21
6 26
43 100
132 101
57 119
133 63
86 66
58 16
130 63
19 71
43 136
98 25
33 33
74 19
137 77
92 8
109 97
45 11
68 36
112 136
26 104
59 112
41 128
139 42
50 29
112 105
36 81
129 80
126 75
98 122
11 61
1 119
29 57
2 97
92 125
92 130
88 22
113 140
10 111
41 71
11 24
35 46
104 24
125 101
98 94
82 120
27 94
110 55
10 111
23 114
95 115
103 54
8 75
53 29
57 93
100 67
116 134
124 92
29 120
64 126
85 6
105 111
111 87
26 121
57 60
94 12
34 68
77 54
14 130
82 70
94 41
8 82
47 131
45 75
110 108
73 54
125 49
37 96
135 74
88 52
133 53
75 27
120 11
92 133
12 33
74 106
74 81
59 132
83 103
66 64
70 10
117 55
59 13
22 53
98 109
116 91
21 50
129 12
73 80
4 84
112 89
61 57
41 119
48 123
93 126
46 23
135 34
89 65
59 110
118 16
90 105
106 122
27 94
133 99
45 8
54 17
96 127
73 136
117 133
130 70
130 35
104 124
80 52
61 138
33 50
26 134
14 131
115 40
97 107
10 1
114 64
29 69
62 114
76 38
106 65
119 95
111 82
90 50
133 10
60 37
71 85
30 85
87 4
124 55
110 6
68 83
81 96
23 2
69 98
51 46
34 30
12 4
111 114
66 104
135 125
12 66
81 42
10 39
57 5
94 27
10 33
121 90
128 16
103 69
113 14
114 19
43 138
34 13
111 99
128 105
95 140
30 47
53 51
86 109
56 51
7 77
83 128
27 82
3 1
10 127
14 136
5 56
133 39
69 115
9 68
79 104
79 121
22 131
31 107
100 86
29 106
23 123
105 61
65 119
61 86
106 87
93 122
2 97
20 82
71 41
10 10
16 88
2 37
91 32
16 62
118 56
39 12
39 4
84 115
122 16
72 99
102 25
81 116
121 112
57 64
12 78
73 27
38 86
76 128
117 91
61 106
6 99
117 56
102 72
30 96
100 102
54 61
138 134
48 118
118 117
41 129
54 125
28 103
70 103
90 59
65 10
24 82
121 13
10 94
84 51
49 43
12 115
116 21
120 35
139 97
11 51
98 65
48 137
27 129
111 129
47 35
10 71
128 130
83 137
84 38
48 4
93 71
118 80
92 110
114 102
66 125
24 23
61 71
31 99
72 1
99 118
35 109
48 35
110 2
43 65
40 90
81 4
33 58
83 136
27 56
97 105
52 120
139 124
63 30
83 134
30 41
123 77
21 43
111 3
44 13
67 95
115 7
98 7
77 52
2 115
120 110
91 31
101 90
15 35
131 109
40 32
9 23
108 42
65 90
44 120
115 122
75 89
1 44
107 77
96 120
63 87
101 14
129 61
115 3
96 117
123 135
8 4
29 116
45 93
77 100
73 51
81 19
139 81
62 117
29 29
96 92
115 56
117 104
129 91
118 96
67 113
102 86
116 131
61 32
83 138
131 27
60 83
45 59
24 119
47 52
19 3
15 6
70 131
109 58
93 98
25 31
82 127
117 57
117 49
100 59
46 90
98 118
45 2
48 68
132 94
131 11
108 6
16 38
8 136
107 101
105 132
131 47
118 107
115 106
16 75
36 73
36 133
62 80
7 109
19 138
63 10
8 30
27 23
79 34
18 58
6 123
61 137
41 50
115 15
15 2
101 50
87 9
43 8
100 49
117 119
58 51
140 66
92 26
88 31
71 118
100 77
100 20
73 12
69 59
26 95
73 127
4 19
7 58
38 106
118 26
84 36
88 83
101 40
120 60
82 51
37 41
127 8
72 71
19 12
129 57
106 61
55 109
91 61
39 1
26 16
38 110
63 126
64 35
25 44
95 118
94 3
30 92
23 101
22 53
112 10
109 77
83 23
57 45
83 107
57 121
123 95
102 57
92 25
92 128
80 58
105 45
72 134
136 94
106 17
19 89
39 127
37 133
22 93
49 116
60 106
96 54
60 57
122 11
94 73
138 33
2 114
78 74
119 73
39 84
102 69
32 140
56 68
4 77
32 52
52 103
17 20
16 88
76 138
110 29
82 119
74 96
104 11
41 82
95 91
37 56
20 68
67 75
7 82
23 51
134 86
13 22
105 41
110 53
50 91
93 131
82 26
98 45
48 138
139 3
89 35
70 108
115 9
54 121
90 88
31 83
45 56
105 10
96 86
74 5
48 26
7 1
64 105
46 111
102 56
113 62
90 55
29 64
63 94
57 12
41 99
107 86
14 83
107 121
28 52
125 87
89 132
88 12
96 5
123 69
60 107
131 9
21 31
85 95
125 1
119 37
111 85
134 137
27 112
117 66
35 102
12 124
105 111
135 72
115 129
140 34
96 2
55 128
33 139
95 29
11 73
77 121
29 83
129 55
66 106
120 101
67 3
84 31
114 90
114 88
79 113
134 46
115 48
45 19
58 139
47 80
83 123
72 111
77 61
25 3
26 16
103 104
31 58
6 4
7 119
103 85
91 108
2 77
27 47
95 84
57 1
23 140
136 95
110 84
27 7
86 52
22 60
15 64
117 20
67 124
138 42
80 100
9 82
37 36
128 131
131 44
4 26
43 11
132 25
94 18
31 52
69 64
111 95
128 88
126 66
71 123
119 10
94 128
91 130
35 90
133 37
6 8
62 48
30 65
84 123
82 126
34 22
50 17
116 49
104 113
126 46
95 105
67 61
104 30
62 10
119 54
46 124
73 120
44 102
44 127
97 126
113 2
19 34
18 7
94 121
119 79
26 86
43 93
6 18
122 67
27 112
133 73
108 77
64 11
39 107
9 135
104 133
8 123
26 26
1 131
18 119
70 44
64 124
8 81
2 1
20 28
124 12
112 91
100 35
113 138
2 122
4 117
126 12
111 24
37 111
14 54
102 83
109 25
67 128
118 68
140 137
107 136
20 79
86 119
113 71
129 126
52 4
115 49
15 85
72 63
56 86
129 17
28 109
53 106
109 42
45 108
50 12
115 69
90 61
60 74
3 60
60 54
63 34
102 78
130 46
12 45
131 140
73 30
121 138
136 89
39 52
68 89
63 43
29 24
115 100
98 117
19 29
42 94
74 3
43 63
48 54
120 50
66 64
80 46
61 87
134 112
138 61
72 73
103 112
96 77
84 65
53 114
93 94
67 38
109 109
101 28
35 92
90 100
15 29
5 88
127 10
71 136
70 14
68 45
125 36
133 68
100 58
54 65
11 120
114 131
101 86
31 135
37 120
94 64
20 110
23 6
119 93
1 60
106 81
116 102
116 109
42 87
26 95
23 48
86 9
51 46
94 81
40 131
72 5
66 91
126 88
108 116
52 120
36 29
60 23
2 47
131 43
6 28
9 40
76 95
48 126
12 2
78 52
4 9
68 69
111 54
28 78
29 91
57 76
119 117
111 120
35 101
35 40
1 55
80 76
21 127
73 33
140 22
96 3
30 35
83 12
88 122
89 129
72 5
76 62
133 46
54 28
19 100
79 19
14 18
106 35
17 50
79 16
71 46
19 112
80 113
123 28
95 71
28 26
87 115
100 92
33 13
119 51
112 57
81 125
87 46
31 103
107 121
118 37
26 8
20 106
133 2
5 87
84 32
124 42
6 83
133 38
95 123
100 66
52 52
63 138
97 105
112 75
86 101
123 111
121 2
76 113
15 80
59 98
123 54
12 1
137 4
50 103
139 10
41 50
61 103
59 30
79 42
104 24
2 87
135 122
100 82
106 115
34 36
84 16
90 95
16 98
111 66
60 109
87 100
18 7
74 88
48 13
129 24
48 2
122 42
124 81
136 101
67 29
137 11
56 86
105 72
43 75
9 102
43 95
74 72
113 19
31 33
31 19
56 79
21 49
132 16
1 139
116 68
39 124
78 95
69 54
38 123
129 46
97 43
12 30
127 136
60 17
28 91
48 95
41 68
15 44
95 16
43 82
83 81
66 20
47 134
85 84
129 73
129 85
128 12
126 126
8 45
14 47
135 61
2 47
140 16
91 94
31 5
36 125
97 113
16 4
106 101
87 94
45 88
50 32
99 35
29 118
80 43
25 86
115 26
5 115
53 107
68 96
111 115
80 79
87 96
82 65
68 41
30 112
128 80
16 98
126 44
76 65
98 100
23 73
137 27
47 49
133 126
4 115
113 96
53 71
63 7
135 130
47 37
101 46
128 128
3 113
32 90
50 1
61 84
73 57
110 119
106 114
117 121
88 89
88 12
19 10
18 26
11 64
74 124
109 61
111 124
45 14
85 106
15 6
49 87
62 30
78 39
15 54
32 102
14 131
114 44
13 3
81 23
67 14
6 47
86 129
42 3
2 127
108 28
4 29
115 65
70 64
116 85
129 7
58 2
137 43
45 9
46 126
44 124
11 61
42 97
49 84
111 63
82 90
102 85
118 76
21 60
11 136
16 139
14 85
140 23
128 57
31 45
54 86
40 76
19 81
44 67
24 14
1 117
104 103
61 93
50 82
12 73
89 39
71 103
124 83
125 123
11 27
27 76
113 78
11 131
18 55
69 54
68 82
30 31
56 103
136 117
56 7
49 4
46 132
106 29
74 102
23 96
129 49
31 113
138 41
103 15
95 43
68 35
136 110
77 51
84 72
28 139
91 88
14 136
79 120
36 24
81 58
119 81
118 21
53 115
62 15
1 28
70 81
74 65
62 11
116 5
94 15
3 44
114 16
39 53
7 86
88 100
15 79
40 132
99 93
118 32
119 131
60 48
71 5
125 132
15 100
136 121
126 10
24 99
37 75
23 56
20 123
15 47
61 66
50 19
18 28
51 9
18 122
56 100
138 40
91 25
11 98
5 8
119 28
119 27
102 13
82 134
135 96
40 55
34 89
86 51
128 8
71 5
1 127
116 138
38 78
22 61
35 26
80 25
54 58
52 27
83 133
20 77
101 59
132 134
20 89
56 7
96 127
12 96
125 139
105 34
77 127
106 123
24 58
8 77
127 71
104 69
75 135
6 35
66 9
40 85
97 108
91 64
106 114
31 90
113 135
135 49
133 113
43 17
30 62
93 16
132 68
97 67
75 102
113 140
122 25
84 90
132 34
13 97
8 55
58 120
49 64
40 54
36 82
70 77
4 34
105 7
114 61
85 48
22 70
47 15
94 130
104 97
35 116
65 42
30 122
33 90
57 72
3 105
26 84
41 41
118 5
47 91
65 132
10 98
61 56
112 26
57 75
122 91
62 46
5 103
39 37
53 95
109 67
71 6
11 112
46 140
128 92
102 53
95 111
10 27
26 134
52 94
68 45
44 130
90 60
92 140
97 16
107 77
95 37
82 117
20 127
128 8
78 89
60 45
59 81
71 96
74 135
49 14
39 104
15 1
24 118
12 120
134 118
68 100
27 9
88 46
135 75
53 84
23 124
140 93
77 71
48 10
77 96
35 127
71 49
127 94
27 139
85 32
128 12
131 14
20 90
72 26
24 136
122 58
120 121
10 68
63 57
89 139
24 124
126 94
32 124
48 58
122 4
101 122
28 91
7 59
52 78
85 87
74 66
4 65
58 25
132 121
81 80
119 116
63 104
70 107
100 129
24 81
132 125
74 31
87 81
90 11
18 34
97 103
111 113
27 28
137 18
8 90
110 139
65 32
114 134
10 73
134 34
26 138
30 99
28 128
39 117
138 69
22 107
43 132
79 70
32 75
99 51
24 68
49 89
112 35
94 121
107 88
26 132
85 67
103 112
67 13
101 76
93 122
42 136
114 132
77 17
67 35
67 102
115 128
50 98
22 16
78 128
103 116
132 59
54 106
42 120
130 2
68 83
124 109
78 109
101 26
125 39
60 63
140 34
50 62
3 83
77 81
83 51
68 74
121 121
51 34
113 40
36 40
134 31
8 83
11 120
108 7
30 28
81 30
73 131
103 76
73 51
28 15
113 107
100 93
87 22
138 59
74 45
98 67
75 118
10 97
109 117
115 139
16 56
40 101
46 2
48 130
64 75
17 36
41 128
140 139
10 137
70 83
42 27
21 128
16 30
85 125
19 71
135 34
126 34
6 43
47 53
45 110
139 61
5 51
60 4
50 81
140 119
23 53
17 56
41 33
85 137
29 115
67 23
9 65
68 14
107 114
79 11
83 77
83 87
128 15
102 37
95 113
27 130
26 43
45 66
87 1
74 127
116 12
21 124
76 88
9 43
61 87
65 15
24 20
113 23
34 74
59 128
47 97
117 84
139 33
21 98
34 94
84 9
105 117
4 53
64 12
95 137
111 31
11 6
62 124
28 95
57 98
95 115
54 83
58 64
116 90
21 9
43 117
17 20
93 32
72 28
43 38
24 25
80 35
30 2
18 69
108 86
26 62
73 79
5 2
3 120
92 35
140 134
11 28
25 115
59 96
3 113
5 26
138 85
72 39
98 89
108 65
47 5
127 119
96 3
120 98
122 83
4 133
77 15
32 113
1 90
81 15
74 85
41 83
41 112
122 138
73 101
63 131
117 61
121 72
63 112
29 56
55 33
48 131
59 79
115 71
40 55
86 113
140 138
56 40
121 49
50 65
21 124
55 137
44 35
69 106
7 109
21 73
13 80
63 83
18 49
14 69
104 111
41 103
108 108
14 88
16 75
13 36
58 67
45 101
114 113
78 132
93 98
64 106
49 138
60 78
46 73
6 9
43 59
123 22
26 9
110 42
83 122
89 13
60 133
125 45
117 63
36 70
32 111
47 81
108 106
18 26
51 36
46 105
94 29
127 119
49 108
32 3
101 133
15 20
125 140
77 114
74 112
55 105
83 101
57 62
78 87
87 140
122 133
117 75
33 115
65 81
82 97
95 42
101 110
73 97
121 9
70 54
133 124
30 87
96 87
8 46
33 107
45 14
111 33
100 3
7 24
95 88
132 49
1 92
30 74
49 10
82 130
75 74
114 105
20 81
51 40
126 95
18 43
108 128
75 79
2 94
102 96
41 106
16 42
69 46
127 129
67 68
119 2
14 104
106 45
44 28
96 42
122 113
96 101
100 42
39 101
135 12
68 48
117 84
101 58
1 87
46 67
26 24
80 51
139 57
96 55
84 63
108 77
36 63
37 7
116 75
120 111
99 59
30 87
14 130
4 14
76 62
93 101
85 32
24 96
89 131
10 44
53 117
121 100
51 17
107 26
104 98
8 74
16 37
20 30
38 24
43 113
97 7
86 41
51 121
136 11
111 17
54 23
133 34
123 43
63 101
81 38
58 88
111 73
137 2
102 34
37 17
19 133
35 116
34 85
96 41
95 66
70 9
88 62
54 82
117 128
42 57
37 99
4 7
44 140
9 17
46 45
45 64
38 80
39 83
24 134
135 119
59 64
139 18
138 64
100 114
52 1
30 100
112 45
107 15
57 127
43 102
43 88
25 92
39 75
46 62
68 41
52 138
116 62
15 113
126 114
98 49
127 139
8 98
44 126
124 112
124 38
73 27
137 109
118 35
43 24
97 122
76 20
119 51
82 133
36 79
119 133
139 117
4 6
86 59
4 81
30 127
118 102
13 115
82 3
9 124
38 117
105 125
137 83
35 90
87 82
28 77
87 26
53 90
43 138
8 58
78 37
45 56
10 69
42 103
83 50
86 120
27 62
116 35
16 11
124 114
104 23
51 50
60 115
11 114
113 30
32 62
66 88
129 87
28 30
61 111
92 6
102 130
79 78
24 106
100 19
80 63
41 2
125 112
116 7
97 88
37 128
22 114
87 10
61 115
40 121
85 131
139 58
120 89
135 15
55 106
33 134
41 85
135 25
68 122
31 24
82 79
24 103
53 110
112 125
84 23
117 40
13 127
98 4
76 104
30 2
70 62
135 110
18 1
6 85
134 48
109 75
127 4
37 51
113 21
35 69
43 11
120 68
138 77
83 85
53 113
86 134
34 92
115 64
104 120
8 97
39 128
32 37
131 80
87 116
100 121
44 3
4 35
82 13
124 24
97 36
136 42
29 42
5 3
105 108
134 112
64 44
112 107
81 102
47 27
89 18
20 4
32 35
39 113
47 22
137 3
57 4
56 97
45 60
111 9
39 116
121 114
19 104
81 99
65 139
138 26
28 29
29 60
63 67
32 109
88 40
123 16
44 50
112 88
121 94
109 19
69 101
4 88
64 96
58 140
94 55
25 134
95 54
53 17
120 96
137 80
136 131
95 51
40 79
10 32
32 118
62 101
78 66
60 1
21 117
1 127
44 37
120 138
90 44
27 82
139 35
33 6
26 127
56 77
65 78
121 109
67 42
69 5
107 128
17 140
116 29
126 19
66 117
17 27
20 55
108 18
89 140
36 126
139 91
75 75
40 55
43 107
96 123
123 75
122 11
74 98
40 71
116 117
59 4
3 78
70 123
107 31
134 2
16 4
105 102
79 16
16 133
122 124
128 104
58 109
115 3
78 26
73 66
14 131
69 16
80 11
10 58
41 16
72 56
31 36
18 121
51 45
114 45
28 113
20 85
81 6
87 31
31 31
96 56
33 36
72 112
46 93
42 86
120 113
14 11
8 43
131 70
87 116
126 127
88 6
83 41
11 30
71 54
72 26
109 105
61 52
88 119
17 129
64 136
101 77
18 120
131 9
62 90
136 47
76 84
52 18
124 75
59 54
128 131
91 108
107 23
20 54
1 48
55 65
43 27
13 73
7 16
81 68
105 76
126 40
31 38
69 14
124 140
79 123
2 41
90 108
64 121
33 64
28 99
140 83
126 25
15 132
40 107
71 4
54 56
55 85
105 135
110 88
134 49
82 135
89 32
114 24
24 7
88 52
117 99
6 102
123 20
93 22
138 35
37 51
91 91
135 67
86 105
15 91
25 108
86 125
139 71
9 23
89 108
86 66
66 91
27 49
122 120
82 131
26 119
41 116
69 48
43 26
24 69
117 48
36 74
44 47
4 52
81 93
31 38
18 97
140 56
17 121
47 98
123 73
76 23
48 17
82 102
42 105
42 30
24 90
115 68
8 131
131 88
95 22
125 124
130 124
39 6
116 86
115 98
18 51
132 77
79 74
51 132
38 92
22 74
53 8
1 60
138 3
7 104
24 3
87 25
138 126
42 125
83 17
82 112
79 86
48 17
31 98
20 68
62 53
13 114
61 13
46 70
16 64
34 51
67 132
88 76
117 129
61 71
17 14
42 107
99 90
135 129
59 15
69 132
67 81
118 139
106 23
69 133
86 114
43 24
105 2
100 94
131 20
24 19
45 78
126 4
27 120
4 97
6 84
89 73
37 66
83 2
100 11
134 57
136 48
81 101
50 52
66 52
83 101
70 127
38 67
2 76
59 6
33 64
101 133
8 137
70 91
10 41
113 15
97 109
63 37
81 124
100 18
47 42
118 116
29 16
55 30
103 113
47 7
36 8
139 44
16 80
6 26
120 118
40 89
98 114
125 38
109 97
55 15
138 45
3 26
72 57
68 34
29 114
41 76
133 51
131 9
3 136
46 134
114 97
82 71
83 79
121 51
35 47
78 32
91 80
70 22
8 137
56 48
122 108
123 115
18 114
135 32
121 40
26 106
8 107
49 90
45 29
1 91
75 90
123 38
41 52
59 48
60 126
107 41
93 89
15 123
74 21
14 55
60 51
20 80
18 68
29 74
108 41
25 55
130 19
92 30
70 10
89 129
136 55
29 100
16 56
82 89
76 108
15 8
18 47
87 47
114 127
133 94
28 17
8 17
35 99
59 116
108 19
116 115
86 16
87 101
71 40
61 19
19 76
38 37
122 136
95 107
122 87
60 21
115 67
38 9
37 108
136 17
138 111
3 83
127 89
55 69
129 116
99 7
63 8
55 56
3 22
22 137
108 94
17 83
32 66
103 81
45 99
97 43
81 99
125 67
60 40
8 48
27 106
66 101
126 133
16 140
14 49
136 133
2 25
75 46
90 50
126 7
20 94
49 100
52 45
39 111
96 58
30 122
35 108
82 20
100 109
20 113
18 27
105 31
51 52
88 13
113 73
19 132
26 79
103 90
123 13
72 79
70 102
72 117
81 14
136 40
122 27
24 11
54 140
42 116
63 129
140 35
74 30
38 111
108 13
60 103
25 132
41 107
105 112
83 57
137 90
96 131
117 131
1 30
130 54
17 53
55 17
99 128
46 9
98 26
21 30
128 57
33 40
23 9
11 117
65 20
67 32
22 55
22 34
96 23
88 112
87 14
128 46
1 46
66 110
83 86
139 70
2 43
109 37
51 131
25 115
10 103
18 43
17 39
77 112
62 36
84 20
49 83
77 49
140 2
30 82
87 41
11 101
83 131
9 134
122 45
120 3
8 10
46 24
48 122
8 121
29 103
1 77
57 77
137 57
91 26
10 37
66 33
9 9
23 29
14 16
74 5
19 81
14 76
116 74
69 135
54 97
97 66
33 14
15 29
82 105
66 91
13 132
123 22
12 18
50 25
33 135
29 63
87 55
10 63
128 78
57 53
46 26
119 90
39 5
130 132
109 56
82 121
47 77
14 58
94 76
94 138
70 134
73 29
48 82
91 47
32 19
100 77
44 90
27 94
94 16
85 74
83 39
54 129
115 80
58 80
27 23
89 108
17 21
136 76
103 98
135 134
117 94
70 32
55 108
138 8
136 82
81 78
132 6
79 118
85 8
57 123
31 6
91 59
26 86
6 140
44 140
133 32
105 75
63 19
42 60
38 49
14 118
127 5
124 77
123 80
84 51
75 114
68 25
44 106
122 62
105 37
61 98
68 38
44 3
68 97
74 106
6 87
83 4
104 78
80 98
30 23
20 104
9 88
128 64
53 121
125 29
18 58
126 97
95 41
99 34
138 33
139 3
131 82
6 106
31 85
63 60
119 95
35 127
42 34
63 106
15 47
134 44
104 132
140 70
32 99
104 29
3 102
43 5
55 48
111 98
4 45
29 135
139 64
133 52
97 55
29 123
102 23
26 77
26 26
7 57
136 122
98 10
95 140
14 10
60 136
119 75
53 7
69 51
70 62
115 39
116 3
21 89
37 59
26 62
84 44
119 91
25 88
100 119
99 125
140 18
133 118
105 45
125 33
107 66
106 81
116 94
96 137
42 132
55 79
66 10
122 44
112 18
3 71
9 101
67 8
131 59
138 95
115 122
139 82
59 105
34 35
70 129
43 123
133 109
62 58
118 55
113 89
73 115
31 93
87 109
100 77
28 97
31 14
90 30
95 9
6 129
55 87
129 97
69 121
65 2
50 54
57 22
14 1
8 56
93 95
24 64
31 63
21 74
77 122
115 31
2 120
31 56
66 20
24 6
12 100
8 62
25 76
95 38
88 103
93 40
69 129
115 111
51 7
44 127
129 18
30 130
9 72
58 86
91 93
92 115
53 111
48 77
46 2
127 133
116 91
44 56
79 18
27 130
25 82
128 25
100 29
14 120
101 83
66 63
36 29
49 100
139 96
36 56
110 34
48 97
125 103
13 75
132 51
76 16
132 76
40 103
104 66
95 76
8 20
139 55
60 47
14 70
15 62
125 124
95 44
92 91
18 104
26 9
26 113
37 30
48 88
132 12
13 86
87 33
117 97
99 48
4 113
117 30
34 113
13 140
28 104
103 45
80 140
54 117
112 90
6 20
37 138
43 62
95 1
106 84
98 64
3 113
36 132
2 81
104 14
93 132
129 55
48 80
54 101
57 37
62 62
68 111
71 110
32 38
111 9
133 68
72 135
52 120
126 53
60 102
78 24
105 78
78 12
18 3
125 74
40 46
7 107
16 78
89 59
127 59
67 119
138 139
113 49
130 111
101 61
72 38
85 36
115 22
59 4
25 43
89 76
89 96
54 116
45 2
47 31
60 113
21 69
123 5
117 112
115 89
33 58
138 129
105 125
10 24
128 46
66 89
133 26
44 47
14 100
60 60
2 120
44 22
60 27
26 49
10 13
137 54
70 7
42 35
131 64
70 130
121 7
78 114
45 133
32 58
92 91
129 93
82 32
126 2
70 12
50 80
36 58
5 105
64 47
11 66
110 92
56 102
99 5
75 15
138 106
72 101
57 72
54 138
103 51
11 33
62 72
124 109
130 128
74 65
34 96
131 15
48 46
117 18
62 63
32 59
29 115
20 97
46 85
106 8
135 129
52 69
60 35
37 49
23 122
114 68
78 116
95 137
33 83
14 94
5 57
13 45
31 44
1 76
128 119
95 122
107 7
62 26
53 99
87 87
80 72
15 29
47 121
25 91
63 50
44 67
106 56
124 8
99 136
95 98
114 50
92 92
68 13
118 132
111 76
79 63
19 105
103 77
85 140
27 7
49 70
85 27
138 68
46 108
64 1
66 49
50 17
1 129
41 130
120 12
77 58
86 95
34 48
31 118
47 69
136 108
10 93
6 7
32 51
127 107
63 64
16 112
80 28
112 120
17 104
3 93
21 100
59 55
8 101
44 66
29 40
45 50
4 50
57 35
113 55
2 35
118 29
19 57
56 2
48 72
105 63
36 126
22 94
52 41
66 107
119 106
18 23
15 21
85 83
56 69
137 69
115 114
97 133
42 12
135 102
95 99
24 130
96 57
95 19
110 32
126 88
137 3
122 11
36 78
94 91
18 90
31 133
64 127
137 117
10 131
78 104
102 113
105 69
30 71
88 11
102 85
110 98
99 103
108 134
41 61
96 70
23 126
62 98
124 59
74 133
61 24
96 22
136 72
103 37
2 50
47 103
6 16
60 116
131 28
110 43
100 77
112 122
75 34
79 58
104 25
51 24
48 18
58 43
90 20
92 91
81 138
66 98
26 125
73 16
24 54
58 124
3 41
117 77
74 68
134 49
104 56
85 11
86 14
65 35
45 16
137 137
26 62
94 51
47 38
78 82
92 7
77 106
47 66
42 133
133 47
41 96
103 137
118 48
10 42
94 54
58 90
50 83
24 15
5 82
53 82
23 16
100 100
121 6
25 34
138 29
80 51
136 42
47 113
101 57
26 54
122 83
16 44
37 39
58 53
120 122
6 14
9 105
125 1
111 21
34 120
49 114
30 56
27 77
28 128
5 54
53 138
8 80
41 57
118 111
121 109
92 127
135 113
103 119
113 85
12 19
65 60
4 106
128 30
54 15
29 58
80 94
68 100
33 108
28 23
90 20
131 54
18 137
26 121
128 10
65 139
28 1
70 31
107 57
73 20
84 101
90 35
54 17
6 87
136 45
109 86
65 111
139 82
120 36
74 107
45 139
105 85
11 46
115 117
103 59
9 58
20 110
92 85
138 98
43 133
14 23
90 78
6 100
32 125
135 105
103 40
103 79
124 126
124 110
114 98
29 122
15 60
91 107
4 88
76 59
93 89
81 42
39 86
2 70
70 136
34 32
47 9
110 42
134 106
24 107
63 64
101 78
123 51
56 138
11 131
56 115
91 9
16 129
94 29
70 36
37 104
67 95
124 49
9 117
14 32
95 88
95 55
25 89
118 80
98 140
82 26
114 33
34 1
33 127
42 115
22 78
90 101
44 73
21 52
61 46
83 15
133 49
82 18
9 59
109 119
58 51
4 43
95 49
43 139
35 96
113 69
33 62
41 77
6 61
128 66
118 83
81 110
131 22
139 12
92 120
130 21
30 133
63 136
41 117
6 87
73 119
27 117
52 79
65 58
11 53
123 128
7 75
110 9
108 108
20 59
87 21
79 128
25 13
135 65
2 1
24 86
119 62
62 42
1 127
99 11
51 94
11 69
28 120
77 8
87 109
66 46
129 17
45 14
29 40
90 42
40 125
127 30
47 61
71 59
59 42
69 121
7 79
49 46
58 137
53 17
105 119
74 94
7 118
119 35
29 68
89 68
65 75
109 111
7 40
29 65
93 109
45 111
48 93
16 117
90 81
5 66
59 78
19 77
68 9
111 96
89 71
36 13
6 4
123 24
55 23
89 19
131 133
129 50
98 17
39 59
97 43
124 27
133 15
103 72
23 85
39 111
16 74
135 33
90 117
56 4
11 4
35 14
9 23
63 106
39 101
24 135
16 7
33 20
21 135
91 56
80 1
38 95
75 33
127 24
9 54
39 32
58 73
45 78
108 107
43 18
80 78
25 107
84 57
138 117
52 100
44 131
100 81
97 34
113 83
69 134
8 120
25 65
64 69
2 31
47 56
61 138
133 85
116 89
1 113
77 52
72 120
54 32
60 10
77 33
104 6
26 112
137 50
48 60
130 62
103 48
117 23
46 110
119 21
70 119
134 6
43 77
125 108
108 44
118 45
76 93
62 113
64 58
34 112
129 23
33 91
71 9
125 128
130 103
20 71
94 25
76 8
102 72
115 69
116 104
125 63
57 46
48 120
115 81
103 104
116 135
66 58
16 51
45 17
25 64
88 130
101 35
137 62
107 112
2 94
75 127
16 131
44 63
123 19
16 85
134 131
80 59
48 107
121 104
135 6
27 82
135 139
129 4
60 95
115 74
48 61
60 75
64 115
10 46
133 25
130 138
15 81
57 74
59 37
37 54
54 75
7 61
74 135
76 133
101 50
78 20
122 137
95 45
124 116
102 128
140 104
126 26
44 54
99 115
90 135
28 16
69 34
88 2
29 23
7 1
84 84
21 77
93 115
134 76
90 95
75 101
58 60
126 114
113 84
88 75
90 127
102 18
20 49
32 60
83 50
61 38
133 81
114 97
67 107
44 28
74 119
128 3
38 113
128 23
68 87
97 17
73 58
46 105
118 77
24 60
126 96
109 131
48 82
87 114
61 3
1 6
121 140
20 30
112 8
52 51
106 8
67 39
77 113
3 54
61 38
125 47
6 93
37 53
47 135
27 119
137 39
136 129
39 15
19 22
22 70
73 128
90 11
38 26
135 52
80 56
101 76
114 106
41 22
19 99
16 57
77 25
95 72
13 133
86 43
27 120
113 99
119 62
109 28
99 116
79 38
31 39
126 4
5 26
37 35
124 64
91 72
100 45
3 113
50 100
27 76
91 139
46 69
72 14
108 31
1 46
80 31
97 77
46 113
102 94
7 97
18 97
28 117
13 42
101 74
14 128
9 104
138 54
45 70
80 12
112 80
58 63
123 26
140 40
138 113
134 16
70 11
124 109
127 136
11 88
70 24
87 90
139 84
4 43
25 95
55 8
34 124
71 28
9 82
68 18
54 61
33 123
71 16
92 69
23 114
28 92
137 114
54 135
70 57
50 94
11 104
114 56
99 44
84 119
125 23
136 50
83 40
33 25
67 136
93 89
109 121
53 105
106 106
111 35
34 20
1 56
135 126
111 93
41 66
71 37
88 78
86 42
117 118
66 43
113 19
4 81
11 56
57 128
21 40
35 54
59 47
109 54
32 91
18 72
29 89
108 128
26 53
30 15
43 95
69 27
125 72
120 7
127 48
135 19
87 29
72 6
75 52
71 118
15 88
49 43
48 28
30 74
92 59
100 134
26 28
33 10
100 12
17 98
59 23
117 18
51 60
35 137
112 105
114 126
64 34
40 112
61 69
57 12
140 16
18 25
55 50
46 14
73 62
112 3
96 100
20 6
19 54
14 2
30 139
139 106
32 38
77 92
119 5
116 118
20 133
14 86
42 59
100 126
133 83
128 88
54 8
106 72
73 119
86 115
118 84
80 21
134 16
125 112
32 100
101 63
104 114
8 17
32 119
2 36
73 129
124 126
8 89
70 81
79 15
67 68
98 6
89 103
33 73
74 64
44 46
126 19
19 5
35 63
124 36
110 56
36 93
54 44
41 123
136 120
137 62
59 106
79 7
69 111
91 14
46 6
60 43
24 90
47 58
24 30
105 134
98 13
98 11
68 139
133 63
130 1
136 60
106 86
67 46
68 29
60 113
35 131
15 58
92 73
128 116
103 104
121 72
116 78
82 43
88 86
117 89
86 124
9 51
69 87
109 136
115 28
120 21
18 134
91 121
67 78
96 41
53 88
112 29
38 65
83 125
10 60
86 95
43 106
17 124
52 125
131 38
24 111
59 53
104 9
34 42
98 1
94 22
89 77
50 138
13 5
134 22
64 79
128 118
56 17
113 107
13 104
17 37
74 75
101 49
95 134
103 64
7 56
85 95
5 7
92 17
11 85
51 86
36 38
63 91
66 48
70 79
11 98
127 84
32 87
132 138
93 106
61 99
22 17
65 38
23 28
54 33
124 104
118 19
14 53
122 79
100 63
29 122
20 15
65 63
114 68
72 78
34 132
36 67
20 100
104 43
127 29
87 122
5 77
1 18
1 134
108 112
68 9
93 87
35 29
21 8
96 92
97 129
95 132
67 114
103 42
28 101
71 127
83 75
63 95
104 75
100 83
46 27
103 10
113 138
38 133
17 133
84 114
134 38
105 72
23 80
114 51
40 44
37 134
130 111
88 105
45 47
59 102
73 22
111 57
19 20
61 35
12 16
20 17
65 137
89 100
76 62
10 115
117 58
109 118
28 68
82 84
115 12
57 59
33 39
128 63
58 60
110 81
76 129
98 12
125 58
111 60
131 132
47 107
49 27
96 88
94 49
43 80
60 99
11 105
137 138
27 66
57 8
7 4
137 116
16 133
45 138
65 35
130 123
13 38
9 108
138 114
16 40
54 87
139 64
51 7
73 78
73 1
85 91
5 93
66 32
86 122
29 22
16 30
4 40
80 12
19 77
137 34
128 62
120 138
137 43
5 69
120 89
70 76
39 86
41 116
129 126
97 29
19 124
59 22
23 138
45 41
86 41
86 73
103 77
71 99
119 87
40 110
35 121
58 85
78 98
72 66
95 40
94 113
23 12
6 57
21 50
109 106
102 54
51 76
2 133
47 133
79 86
102 125
78 19
69 15
128 12
80 82
51 33
54 85
57 59
1 89
120 109
67 82
34 117
29 47
109 75
39 59
32 13
43 109
31 123
135 31
134 74
112 44
119 38
128 47
96 140
135 88
108 61
41 13
49 69
59 29
16 98
87 47
110 129
28 12
111 22
42 104
108 14
19 98
63 18
16 18
17 10
117 124
83 17
8 131
98 67
20 113
24 118
31 5
107 58
28 89
92 70
65 71
95 83
40 17
113 55
46 129
64 35
113 18
51 120
9 20
58 40
132 93
17 23
97 135
92 125
96 55
66 20
125 32
114 36
60 86
90 105
75 26
11 59
43 62
50 63
93 108
114 85
72 3
119 41
137 70
25 104
137 102
123 133
5 109
29 64
66 118
40 140
3 51
70 58
124 132
120 76
111 106
20 42
108 10
82 116
92 118
80 88
79 74
80 83
42 108
18 108
98 58
119 112
108 49
29 103
40 21
38 10
126 70
63 105
79 5
80 42
122 19
129 73
93 81
27 6
48 45
125 17
114 104
129 93
24 17
55 75
49 104
96 34
33 18
138 124
34 90
25 16
120 26
100 84
106 138
90 25
42 74
42 27
49 30
119 72
58 45
6 107
9 113
12 53
131 22
36 24
111 61
51 90
86 10
46 63
8 135
87 61
80 128
100 1
29 90
72 87
135 90
65 15
62 76
67 64
97 103
100 79
35 10
41 132
32 86
54 51
92 140
123 31
140 82
43 40
32 115
138 38
76 62
52 9
138 118
73 94
92 44
45 126
65 85
129 96
30 42
18 121
54 1
23 65
94 66
104 125
52 102
34 127
35 85
7 32
63 91
138 26
134 42
12 59
126 12
26 27
54 44
7 119
44 41
55 9
118 30
6 29
3 39
27 38
124 34
81 58
124 78
83 130
131 106
48 128
118 73
14 43
128 32
33 43
73 87
52 50
116 57
91 131
95 117
28 90
22 108
7 18
58 90
7 48
55 66
36 44
138 61
86 126
93 118
28 37
76 91
86 64
7 36
54 114
25 81
63 46
60 70
63 117
31 81
37 97
6 84
1 4
4 98
1 108
76 40
4 11
131 90
74 9
137 139
122 33
91 45
91 11
126 13
139 16
94 47
124 111
130 124
114 6
94 126
113 29
38 117
51 40
78 137
48 86
135 42
119 86
98 69
108 83
93 118
110 58
25 105
29 26
101 14
43 54
12 16
94 49
132 4
88 81
12 7
26 19
48 16
116 17
84 83
111 49
72 80
106 108
57 6
134 17
20 48
70 31
63 23
91 66
38 50
6 50
56 44
68 116
59 43
132 15
137 103
63 68
54 40
36 110
46 41
138 77
88 67
119 23
89 69
88 127
130 106
48 45
9 115
32 67
17 36
93 25
10 15
92 75
67 139
57 124
51 54
72 139
121 50
33 81
130 120
67 119
85 114
35 105
100 67
44 128
114 136
12 123
11 116
57 89
114 113
72 25
27 3
35 19
64 67
99 65
58 38
55 15
11 89
119 123
27 22
110 12
18 122
134 40
109 51
140 82
35 71
118 73
85 12
91 20
90 50
84 8
99 10
22 109
110 12
103 9
46 73
20 63
66 14
114 34
76 113
127 122
55 105
55 11
128 5
42 78
66 137
97 24
6 130
5 115
1 119
123 46
51 3
120 128
28 105
33 103
89 20
84 3
124 10
25 111
27 66
60 104
74 16
140 79
5 16
66 6
134 48
63 57
62 55
44 89
19 89
63 108
108 19
122 103
40 19
85 66
96 5
30 30
32 29
108 37
56 45
54 49
93 128
105 26
42 21
127 73
109 61
52 88
91 33
62 131
63 6
56 19
22 97
48 54
137 27
102 52
72 27
101 36
14 77
73 56
109 59
140 89
132 51
36 82
95 109
72 18
115 128
36 8
96 95
73 93
121 34
4 64
60 116
99 86
53 44
13 33
102 12
122 93
62 29
47 16
138 118
45 124
117 80
3 73
34 76
25 27
121 40
102 41
16 73
126 80
116 138
112 89
21 93
54 82
134 100
109 3
77 14
138 66
105 140
138 11
75 34
49 56
73 10
108 88
82 105
27 57
114 139
18 6
103 71
99 108
30 67
110 118
92 107
43 69
107 52
79 53
85 127
120 18
8 99
117 90
75 16
18 60
14 47
65 128
117 23
108 6
90 77
136 53
56 50
121 34
102 71
98 46
69 78
75 77
48 64
38 123
79 67
42 104
114 107
91 90
129 58
108 90
7 115
15 74
24 135
107 125
78 64
43 6
13 129
82 61
52 131
55 130
58 96
105 31
74 56
132 75
125 111
24 3
85 50
76 109
57 54
105 134
118 19
139 2
8 93
62 71
83 128
61 140
84 37
42 29
92 46
103 89
16 139
103 113
48 39
93 104
104 57
97 81
88 108
95 95
60 28
25 2
16 97
14 111
134 55
139 97
112 102
57 128
112 20
112 19
70 64
135 33
132 103
126 79
70 92
45 1
119 82
15 134
38 28
104 43
94 115
12 66
88 68
65 59
99 36
89 28
111 83
73 114
58 70
65 139
21 109
140 139
50 14
5 100
53 120
14 6
94 25
83 53
93 19
111 63
66 60
91 36
14 35
22 71
116 86
82 136
66 81
6 128
106 10
87 30
2 112
47 107
137 130
20 101
8 2
23 86
73 125
121 87
19 14
29 134
99 122
1 37
62 7
24 39
28 122
68 41
93 115
8 89
116 39
49 135
40 72
80 113
56 73
71 87
86 111
92 57
93 93
93 26
111 128
77 138
109 16
39 61
2 58
22 117
96 70
124 7
13 75
131 81
7 73
39 105
44 130
33 8
94 137
45 64
124 121
62 104
137 112
24 138
41 57
127 136
139 110
14 11
44 5
103 63
89 1
39 132
3 83
11 96
79 56
20 74
36 93
37 44
76 72
42 116
129 28
123 127
9 8
9 52
24 112
126 113
124 36
116 138
118 127
94 68
54 125
1 89
89 49
5 24
133 46
11 121
85 5
119 93
12 139
16 36
110 14
8 106
49 123
103 39
121 68
106 34
64 119
135 12
27 139
47 31
56 57
11 140
61 1
104 85
140 119
120 121
132 139
98 53
133 73
91 114
140 56
19 64
34 25
87 73
35 134
103 90
62 126
101 135
126 64
79 137
43 70
118 46
68 75
98 72
7 48
57 19
116 76
94 9
112 40
93 7
33 68
108 107
53 69
101 50
4 51
47 46
120 24
104 59
110 61
130 129
121 47
7 96
134 100
116 105
139 69
123 44
136 91
22 60
31 122
109 34
32 27
92 11
62 55
81 32
127 70
20 119
128 38
74 133
137 62
110 7
130 92
62 137
42 83
68 84
76 36
118 107
75 69
129 136
135 69
39 121
11 70
100 10
107 45
3 115
106 112
134 107
63 55
115 117
10 42
60 85
90 49
64 24
117 52
19 111
133 70
104 15
139 75
24 106
131 26
92 97
137 85
75 72
140 50
60 21
103 131
105 52
40 28
75 28
92 106
139 96
47 114
110 45
48 133
22 50
31 114
18 39
70 93
110 81
14 41
101 116
32 78
28 71
105 114
98 68
91 108
23 137
81 132
54 140
137 75
62 27
60 79
77 2
31 47
82 56
87 43
32 130
120 71
60 96
56 30
36 19
137 58
15 90
62 80
101 70
27 22
108 98
113 44
99 3
102 41
59 49
95 102
50 86
44 110
41 99
11 88
117 19
6 4
120 79
95 93
20 121
114 127
79 86
30 37
101 132
89 31
52 43
4 101
128 47
82 41
17 104
128 134
123 5
9 102
95 103
54 114
84 40
112 34
137 2
82 109
5 31
139 68
73 14
40 61
60 134
113 77
97 100
82 91
105 102
53 71
76 118
45 31
29 16
64 26
29 6
134 45
36 5
124 120
18 36
52 90
29 24
38 137
124 131
88 100
92 12
30 27
1 86
58 30
114 133
55 2
138 60
47 45
76 42
25 94
77 76
55 105
112 92
114 95
82 73
66 45
84 107
71 84
53 140
125 26
133 51
39 2
111 97
47 46
139 83
11 75
18 65
52 129
28 37
95 121
109 32
25 64
139 108
19 63
107 4
100 99
54 10
101 24
107 19
82 117
101 104
63 130
29 126
131 68
22 85
49 130
129 73
53 139
40 72
61 7
75 32
117 140
41 89
36 19
107 117
135 79
80 58
69 120
43 59
48 65
15 108
66 3
40 119
1 92
62 73
110 8
104 86
7 17
47 42
35 25
30 42
104 110
99 44
101 13
114 20
89 128
127 27
3 39
17 15
130 78
100 111
97 75
56 103
91 114
5 138
139 34
39 114
15 9
29 128
33 2
19 134
129 6
20 3
56 36
30 57
125 129
27 81
63 94
43 26
68 59
23 78
105 61
63 131
81 91
118 113
92 137
106 92
14 125
107 69
32 136
125 16
124 23
96 58
116 11
83 55
69 105
132 33
37 66
24 117
28 13
90 119
9 55
83 34
52 61
114 83
56 110
99 51
132 66
120 108
76 63
34 5
39 26
49 76
103 84
64 131
109 13
121 129
80 75
23 131
135 136
85 62
106 43
124 97
121 104
76 56
38 110
72 76
7 133
23 121
76 87
111 44
111 104
33 50
38 67
52 33
62 9
106 39
63 90
136 43
53 83
99 90
52 42
37 70
34 60
51 110
18 21
25 140
136 69
62 34
135 113
78 69
133 43
107 56
132 114
98 56
57 68
5 120
110 54
50 3
125 112
124 2
4 21
1 140
89 62
33 96
47 110
24 51
12 2
106 16
116 76
71 32
3 88
11 124
1 72
127 125
43 122
138 47
2 10
46 103
84 90
58 2
59 93
52 82
94 30
109 81
105 40
112 107
127 135
91 139
78 89
135 133
70 4
51 84
13 96
46 108
57 115
121 127
79 33
68 44
74 37
125 38
88 108
16 86
114 106
84 64
66 90
56 8
93 106
91 117
73 8
97 129
134 77
115 72
121 54
127 54
102 111
91 49
91 107
6 76
84 101
139 22
50 66
29 14
31 131
131 115
10 99
103 3
35 89
74 28
3 72
81 116
43 44
37 5
22 42
80 117
3 91
138 64
16 26
78 59
28 80
33 37
38 136
39 84
96 124
111 98
56 64
74 110
107 110
126 128
23 77
104 37
27 114
101 43
11 50
101 39
1 133
87 50
140 138
5 96
121 116
65 48
39 10
29 17
131 26
16 14
103 131
50 129
104 22
43 115
83 15
25 95
8 111
16 19
108 21
126 101
136 51
20 46
72 61
74 63
86 89
88 48
91 9
49 55
31 91
41 125
118 77
92 125
59 107
15 39
127 1
11 134
63 30
39 134
102 112
68 60
72 15
119 23
24 27
89 66
130 129
62 107
77 13
103 135
120 129
33 118
1 43
112 75
85 10
81 46
134 8
117 65
23 96
99 58
134 47
123 135
35 44
113 111
69 75
118 60
76 10
37 76
65 8
11 9
30 91
66 23
98 43
99 132
10 58
49 3
116 43
138 11
87 122
133 27
57 110
86 4
132 122
79 56
130 101
76 31
63 1
65 33
55 23
24 64
92 85
79 68
127 88
90 85
69 94
111 137
76 56
140 67
38 91
134 39
51 69
69 114
81 5
6 136
27 41
71 131
125 21
70 124
108 31
80 49
124 51
45 59
118 57
137 27
19 2
77 69
82 17
54 23
21 71
30 60
112 112
50 108
133 131
103 112
21 43
32 4
105 77
75 94
5 83
133 23
97 69
103 38
86 29
60 106
99 101
37 82
85 86
62 77
88 36
60 108
90 92
112 66
40 58
20 56
12 12
78 108
92 52
6 37
80 77
15 51
38 51
132 134
9 65
70 96
101 1
76 50
104 47
128 3
116 7
70 127
30 7
95 121
71 100
30 10
48 44
72 85
106 76
90 126
140 31
82 112
32 17
34 135
75 21
10 62
27 79
48 68
98 14
48 28
113 77
49 21
132 121
117 110
56 67
95 67
97 48
39 140
76 72
7 22
104 16
83 130
106 3
69 63
16 116
102 1
65 23
33 68
15 21
37 82
87 132
8 56
39 58
67 127
1 73
8 104
100 91
105 66
93 33
140 120
21 102
120 85
136 12
12 10
33 61
91 131
52 110
58 102
28 125
88 40
69 108
4 29
58 108
94 22
13 93
1 33
66 133
129 61
4 140
82 48
72 32
39 123
14 108
97 53
92 56
92 21
23 107
61 92
75 26
113 99
118 126
131 56
130 119
128 133
130 70
53 62
113 103
56 138
70 24
50 34
80 14
66 114
120 126
66 66
11 50
24 140
47 14
67 36
4 55
41 134
136 105
67 120
67 134
118 8
18 39
41 109
52 118
82 32
115 19
109 137
81 133
137 127
18 75
35 22
1 75
27 136
39 93
128 117
98 105
124 115
3 25
83 55
14 37
98 129
55 66
125 7
70 133
134 88
68 28
121 68
114 7
76 24
111 63
140 68
39 123
55 41
19 137
107 33
45 76
33 112
14 17
118 83
22 123
30 89
10 10
28 135
28 103
18 10
37 29
78 75
24 132
128 42
140 94
86 57
42 130
28 55
7 17
137 28
140 39
128 21
60 15
16 88
130 45
97 26
74 46
101 97
49 100
10 49
53 108
117 106
97 4
20 103
32 29
2 31
67 1
52 138
28 79
97 17
123 54
54 68
111 26
36 20
125 46
80 50
25 56
15 121
71 47
96 102
75 109
5 13
110 56
22 137
134 119
13 128
32 78
68 14
104 103
33 88
20 112
137 44
39 24
25 121
70 132
83 16
100 87
40 69
14 61
77 19
39 89
18 82
39 85
96 2
60 140
89 79
124 98
135 34
133 31
15 62
22 97
89 133
55 140
62 68
60 138
86 111
99 115
52 137
60 19
10 119
31 110
69 14
79 75
47 71
117 61
4 10
29 92
3 83
91 64
22 23
73 119
133 43
94 56
51 25
87 60
3 117
30 83
2 108
30 60
39 6
133 54
16 21
6 18
116 108
93 137
2 25
128 6
80 93
62 130
117 20
50 131
8 91
73 9
58 114
68 108
120 60
22 135
93 39
24 68
18 116
76 20
12 75
25 91
27 98
93 3
117 2
133 124
92 78
4 21
51 84
129 30
15 22
36 119
60 71
46 89
46 134
108 70
80 5
32 107
102 124
109 91
137 114
86 88
51 102
121 113
45 121
15 71
2 62
50 73
133 107
21 50
100 129
119 52
5 11
18 118
6 138
68 3
111 26
90 33
127 82
18 43
62 32
113 63
93 22
135 85
129 28
135 100
28 113
11 32
135 40
9 1
38 89
15 20
126 104
65 124
58 82
26 119
113 10
42 65
44 48
22 44
75 16
15 102
140 38
5 7
77 14
19 126
114 33
6 111
8 82
94 65
23 131
44 7
140 97
71 43
16 104
98 103
131 113
64 131
10 81
9 98
106 27
84 79
71 101
49 78
42 14
3 76
4 58
82 3
26 24
58 41
128 15
3 118
127 79
120 8
19 128
106 124
26 61
74 96
21 134
34 74
7 48
9 10
117 90
24 2
125 81
54 112
108 69
102 94
7 81
114 37
69 79
32 106
139 105
62 31
110 107
104 116
14 112
137 2
73 20
15 57
113 68
41 80
8 2
45 26
94 18
62 34
108 105
140 118
81 61
8 50
27 111
37 52
94 45
65 38
65 79
107 37
18 7
128 26
20 32
63 113
50 125
7 17
101 6
135 42
78 14
103 116
137 12
39 90
56 103
140 120
41 106
28 70
124 27
95 15
59 18
139 108
14 5
136 126
22 2
39 111
16 2
86 24
13 136
113 80
98 124
72 10
101 99
80 84
126 46
110 56
75 109
35 100
125 42
86 7
44 124
129 71
137 87
94 21
82 78
101 40
62 32
49 34
2 140
130 139
46 99
54 120
67 88
92 52
130 37
70 45
32 58
115 29
4 80
49 86
29 21
137 102
52 57
136 54
57 125
52 114
83 106
105 22
65 56
85 54
104 26
110 136
83 84
36 99
35 96
56 64
117 64
37 28
120 32
93 48
28 5
21 123
122 126
4 46
53 100
112 17
125 81
24 79
37 71
37 83
26 104
18 14
27 55
54 19
86 6
66 126
22 99
108 3
96 111
61 8
70 44
36 66
124 71
4 32
1 53
115 39
28 132
52 55
58 105
85 16
123 22
1 4
120 108
19 87
78 79
95 19
122 2
96 117
73 99
21 85
23 135
123 51
138 47
117 56
11 61
71 133
94 83
9 74
50 27
20 139
117 126
29 110
140 124
86 84
94 106
28 117
112 23
27 110
69 15
37 91
87 119
96 40
61 104
125 110
2 17
108 118
2 136
87 13
131 32
96 84
10 136
72 121
30 110
102 98
124 10
60 70
128 15
122 60
130 106
29 131
122 8
108 136
15 54
8 5
98 116
101 119
111 32
111 140
14 73
109 137
82 40
79 82
55 72
1 56
37 42
47 31
49 26
26 76
92 45
80 49
20 52
39 2
96 9
1 109
81 121
117 35
21 55
128 87
126 128
2 35
29 60
65 90
86 102
25 49
6 116
109 26
40 7
27 135
15 40
103 96
32 91
2 52
6 129
10 3
128 24
49 29
83 125
118 40
86 14
100 104
129 68
1 28
74 39
34 89
78 8
56 122
99 69
45 116
57 55
118 56
90 39
84 32
23 73
84 121
86 43
96 87
123 96
126 56
134 20
16 84
27 71
65 137
139 109
112 67
35 102
135 124
140 78
28 34
23 123
26 120
37 121
78 19
76 64
75 70
95 90
25 133
33 89
130 43
69 101
110 116
62 104
99 73
53 138
107 87
120 4
67 17
125 16
35 60
91 121
1 45
71 37
50 115
137 51
17 66
23 138
53 97
113 11
29 38
21 7
124 140
11 62
28 7
78 63
66 28
55 79
85 137
115 6
111 112
56 128
49 90
125 101
46 110
123 87
7 3
93 130
15 115
52 42
121 1
104 59
28 31
9 124
27 135
129 138
118 44
137 38
6 133
138 51
102 133
137 108
135 102
98 21
88 21
63 81
33 38
11 72
68 19
56 95
25 44
92 3
100 100
40 105
92 50
27 54
42 24
21 48
137 130
69 96
22 131
36 54
28 46
138 108
76 53
62 101
108 25
115 67
124 14
43 75
63 70
128 116
105 21
24 113
10 104
68 44
94 104
109 133
21 106
100 97
18 33
69 138
57 43
64 40
56 119
127 131
48 126
106 24
6 1
136 28
116 63
71 69
38 39
74 59
17 45
27 34
90 95
31 6
137 107
58 64
97 56
66 16
41 44
39 47
56 46
74 32
108 16
112 18
54 45
88 82
102 114
116 51
80 18
68 88
136 137
11 104
52 89
119 93
132 29
139 47
74 84
78 54
99 50
71 24
106 18
106 79
131 93
129 82
122 69
29 130
65 51
93 117
139 84
69 2
112 79
49 46
34 138
99 4
59 41
39 37
58 4
115 60
108 116
1 102
44 41
103 108
91 67
96 102
10 36
103 122
114 23
39 19
21 9
22 91
49 61
127 106
76 102
37 56
77 37
17 120
89 119
99 39
45 55
140 67
90 103
48 76
125 98
94 17
106 128
108 14
48 106
131 123
67 27
38 15
75 66
134 23
56 105
73 113
31 73
39 132
47 98
67 43
55 33
60 20
20 39
45 79
4 35
73 83
73 123
97 19
