47 28
24 45
64 48
38 67
61 18
68 64
60 67
43 24
20 22
38 55
9 76
68 23
16 54
18 55
8 4
53 54
32 28
50 47
75 8
34 8
57 21
23 68
7 18
43 58
39 80
64 47
27 52
69 43
57 38
17 64
42 69
69 25
16 39
71 43
78 56
2 54
76 24
73 34
41 35
44 31
34 59
77 61
62 17
23 38
55 71
53 48
60 42
24 27
32 14
21 29
22 22
34 49
46 58
35 38
12 78
69 45
56 17
57 70
66 79
27 72
22 80
39 1
73 62
59 56
27 80
36 80
21 21
49 18
78 3
56 9
32 76
5 7
12 62
28 77
12 55
68 33
6 58
65 30
71 44
5 50
75 72
49 15
12 49
33 9
51 40
49 2
35 53
41 78
66 68
27 30
74 46
62 31
24 47
60 46
42 16
47 36
7 16
2 50
64 66
58 67
25 58
68 11
63 60
9 48
48 67
77 41
32 11
72 55
9 3
53 2
19 19
69 57
66 70
27 2
8 36
68 64
46 7
75 28
67 35
27 34
21 56
26 52
18 49
59 26
4 31
27 54
1 47
30 67
