77 1
62 56
55 63
50 52
12 83
84 70
62 40
40 29
58 29
70 36
33 50
46 78
22 77
59 61
85 60
25 34
23 48
89 77
21 48
38 32
40 84
63 63
33 13
53 52
3 32
50 35
82 5
23 65
81 43
36 37
13 22
70 35
69 68
73 89
25 21
82 26
66 55
51 60
67 13
73 31
45 32
66 88
36 50
24 78
2 21
25 66
4 4
62 73
72 45
33 58
65 77
46 2
41 6
61 69
18 43
9 24
75 36
73 72
85 7
22 49
27 46
24 31
11 48
65 82
2 59
12 28
45 57
29 85
24 89
25 41
3 34
27 39
69 9
21 26
15 4
74 4
49 59
86 59
16 22
13 69
80 76
6 87
42 34
43 27
84 68
67 87
63 3
35 3
64 17
28 78
20 63
43 30
84 38
51 61
21 63
40 11
48 45
59 51
41 11
77 34
40 15
82 12
70 79
15 43
57 42
82 39
67 87
68 60
86 28
82 17
52 31
79 61
38 47
73 40
19 21
35 59
88 27
70 67
67 84
71 33
88 24
71 26
72 11
85 68
90 38
84 52
69 34
74 68
80 57
17 8
77 13
28 36
1 8
64 67
53 44
10 50
30 42
75 11
52 31
40 52
69 85
65 9
28 48
38 69
66 16
39 15
28 66
50 29
73 24
5 36
29 66
47 20
18 84
83 31
76 32
44 16
27 70
24 16
80 23
85 55
38 33
31 66
60 43
4 43
66 60
40 56
36 48
76 15
41 68
7 79
61 13
4 49
82 80
65 71
12 21
88 50
15 80
25 74
32 80
78 59
49 27
25 46
37 62
22 39
1 81
27 23
3 31
72 84
20 8
27 31
28 76
42 42
65 66
77 59
17 65
27 66
53 13
73 89
36 5
90 36
47 26
21 49
18 2
4 37
9 82
30 88
67 33
1 4
9 77
62 25
13 88
52 28
63 87
78 8
53 77
6 9
13 26
57 30
27 22
29 87
14 20
84 42
52 84
45 22
32 16
9 45
66 22
72 38
18 59
45 70
8 50
78 20
37 6
11 25
28 1
21 3
20 14
44 34
59 89
17 1
66 25
7 41
9 40
78 26
60 85
58 67
6 7
48 43
13 59
67 2
59 88
4 41
63 9
36 84
7 52
46 73
