91 54
64 22
22 77
1 18
16 46
79 54
66 75
56 47
55 78
27 97
46 31
74 49
36 63
5 70
63 9
70 53
62 85
27 83
13 79
100 28
24 30
34 89
56 89
87 62
19 13
59 64
44 32
64 31
46 68
100 8
76 22
13 37
58 91
72 71
69 71
50 92
53 83
33 60
72 19
22 90
84 32
5 79
15 68
9 60
35 8
20 62
29 32
98 87
22 69
9 90
92 58
33 96
93 65
7 64
36 28
5 19
11 9
97 25
28 5
85 62
64 4
75 45
87 72
83 8
93 91
49 36
100 33
83 92
50 89
55 85
17 11
55 79
19 3
4 46
59 40
59 22
95 33
18 81
57 100
40 1
42 40
36 42
72 18
85 73
6 92
57 74
2 63
5 21
65 8
18 23
99 29
97 93
13 14
73 21
66 12
21 7
3 8
100 26
77 85
99 35
76 7
60 29
70 64
1 86
23 19
61 21
99 57
13 63
22 37
84 87
100 56
46 2
16 45
28 44
81 26
78 8
84 90
37 53
5 37
91 28
7 51
100 5
59 65
68 80
1 51
19 53
58 64
54 73
60 33
17 41
10 46
100 94
35 36
98 40
73 88
19 79
38 18
36 96
82 3
28 35
5 46
87 14
9 92
87 20
25 55
12 34
100 12
79 87
47 77
78 71
64 96
50 54
65 37
1 47
39 28
33 95
73 19
8 33
10 46
53 86
100 64
72 52
27 50
38 74
26 67
96 42
62 97
47 26
33 47
24 71
75 8
17 47
26 25
32 88
70 84
25 22
99 96
73 78
46 62
51 23
28 98
16 41
95 62
18 27
9 94
98 35
1 14
81 79
90 12
18 60
47 42
81 98
38 5
75 35
66 77
57 45
74 25
37 68
86 54
47 46
99 44
80 100
9 13
30 51
76 47
10 75
88 42
72 77
46 98
11 63
74 68
59 99
92 95
19 29
100 65
75 99
60 6
50 68
70 79
18 46
77 79
72 64
72 43
41 69
92 51
31 65
70 41
15 13
35 33
42 87
97 68
85 56
25 86
76 95
16 45
92 92
24 63
55 95
57 47
64 48
50 46
64 19
87 78
84 73
63 25
11 59
44 47
15 68
32 42
14 47
86 5
38 9
19 45
56 75
43 71
74 92
68 89
63 6
67 46
79 29
22 41
39 17
88 5
84 19
46 50
66 32
6 55
92 25
99 99
51 42
69 77
85 37
65 47
42 83
44 72
11 17
13 2
33 52
6 69
70 52
18 87
35 23
42 78
99 92
77 2
33 97
78 70
33 42
68 27
25 12
50 87
28 14
88 13
65 94
81 35
97 50
73 83
24 14
60 23
58 36
24 42
33 53
11 17
94 79
95 70
42 45
57 21
10 44
33 75
89 65
61 37
14 33
19 38
99 31
12 56
18 87
97 2
39 8
19 84
38 13
54 79
9 10
99 19
5 84
45 46
48 57
34 62
89 53
51 39
35 14
46 52
52 43
54 42
2 24
25 91
88 78
69 97
39 19
67 96
2 63
41 50
19 74
63 59
78 65
98 12
78 43
16 81
37 69
22 90
92 46
80 31
76 48
27 14
67 45
9 68
59 1
69 77
75 31
36 4
95 85
16 24
79 83
4 16
51 25
5 94
23 85
24 98
84 3
63 2
99 24
22 58
24 90
86 50
73 73
54 67
57 21
43 88
3 46
3 5
23 59
50 97
95 25
46 31
79 8
32 78
83 53
87 59
95 24
8 67
97 13
85 5
85 27
92 39
25 46
95 99
57 44
95 51
21 40
33 99
99 65
28 82
17 14
92 11
38 99
29 86
64 14
90 100
40 82
39 64
79 85
14 35
81 8
38 1
47 70
99 98
34 79
79 3
92 70
65 81
20 94
66 35
7 56
87 98
89 77
14 19
61 27
6 41
35 43
93 33
64 44
30 50
22 60
52 65
81 68
46 53
13 63
87 71
70 73
69 10
1 34
29 62
60 34
54 46
28 47
79 91
90 60
40 63
20 43
27 52
11 24
4 75
87 43
46 56
67 14
66 68
47 46
81 58
79 34
4 6
80 34
48 21
93 88
35 64
30 62
68 92
85 71
67 23
65 12
79 32
77 96
51 75
41 31
32 71
64 87
28 96
72 75
68 17
62 3
32 44
64 99
87 100
70 53
23 86
16 53
17 92
48 67
18 40
49 2
10 13
88 37
8 60
63 27
28 77
29 59
20 44
58 6
44 79
11 66
64 26
18 33
70 17
99 87
56 100
40 17
12 28
5 71
39 67
97 66
43 26
24 14
69 33
20 64
